43
196
147
95
131
45
192
52
199
169
117
156
56
50
16
127
132
57
80
122
18
75
72
81
94
29
73
25
86
34
65
52
52
106
147
21
150
119
52
15
124
15
26
161
97
12
134
11
160
125
85
29
124
167
22
151
43
139
130
41
109
93
123
38
156
63
16
123
52
143
188
145
109
180
149
98
116
180
9
26
22
96
170
147
125
200
174
13
36
151
2
150
142
63
195
120
90
162
86
44
72
120
127
46
4
135
114
17
192
165
12
192
139
48
103
191
195
155
10
105
116
148
166
131
80
76
12
81
42
161
36
77
53
4
117
47
133
8
33
107
123
109
15
20
159
59
39
38
37
157
105
154
85
161
188
98
73
84
78
133
194
151
119
196
111
152
54
171
122
100
88
38
175
19
153
1
16
26
188
154
110
160
113
181
169
167
40
130
15
180
140
41
127
4
162
4
170
33
143
75
114
192
125
13
42
15
4
108
181
165
88
20
82
77
129
113
39
124
65
175
152
151
109
108
16
70
139
55
29
124
110
20
138
63
183
156
108
81
162
34
149
58
49
53
74
180
170
103
22
120
113
2
104
54
94
44
180
40
133
44
132
56
86
198
20
155
195
24
139
126
67
128
126
48
135
56
186
142
96
83
153
61
189
99
136
65
78
105
31
104
88
150
192
89
194
101
43
102
10
149
2
113
50
88
163
168
195
110
54
3
101
50
87
3
122
55
182
172
86
44
108
137
145
75
134
39
53
124
134
109
79
183
55
17
33
7
153
132
13
24
158
85
74
155
161
81
77
48
67
103
187
71
192
73
101
47
152
159
16
186
160
117
14
130
36
36
89
42
164
156
93
184
153
110
43
112
24
191
153
86
104
55
1
164
161
145
7
130
113
1
199
187
151
143
103
7
152
48
97
52
3
131
80
85
41
159
142
16
175
84
7
78
182
104
122
142
79
59
198
179
24
179
127
190
87
87
178
177
100
63
69
99
30
8
179
18
38
134
63
172
146
12
148
139
181
185
64
94
28
19
108
28
68
71
101
135
4
148
145
50
190
24
27
30
187
32
24
74
167
192
167
17
123
41
118
186
81
188
148
14
29
174
65
153
177
102
95
137
59
131
182
161
144
139
120
129
76
124
15
42
63
176
41
52
167
89
190
119
109
135
68
197
82
192
159
190
100
23
113
129
131
160
164
36
114
22
162
64
151
187
197
12
169
137
102
60
60
186
195
196
130
31
39
188
51
45
163
89
153
31
19
36
42
107
52
196
9
158
144
148
84
104
87
36
112
59
52
121
139
96
24
129
95
200
69
46
15
6
33
45
75
179
32
115
124
80
29
173
147
143
51
190
138
43
39
131
26
22
181
53
16
61
134
127
17
74
185
164
52
79
136
2
89
19
105
79
198
132
116
153
160
182
62
34
172
56
40
84
21
3
9
115
53
104
122
36
14
190
136
146
114
99
78
15
74
153
37
104
164
96
71
159
21
169
125
71
18
199
17
161
32
192
161
25
176
174
92
9
30
199
99
187
11
62
176
8
193
103
183
115
145
181
158
118
159
150
63
101
149
107
140
136
154
127
108
123
161
123
12
69
106
68
116
47
32
153
30
91
59
2
188
20
93
140
81
178
123
196
113
36
79
50
28
166
26
21
46
110
176
67
75
158
101
19
68
13
70
141
130
29
5
38
101
42
168
135
4
97
24
34
33
71
90
169
183
153
5
186
115
180
177
154
36
92
125
95
99
138
7
19
1
165
123
87
188
6
37
86
45
138
62
91
29
163
189
3
89
111
65
175
30
189
118
131
34
131
194
170
107
107
94
151
186
180
71
171
150
46
169
46
151
81
69
30
51
163
55
34
197
136
13
96
14
78
125
180
157
117
138
199
31
65
24
19
116
95
179
32
16
66
42
43
9
197
44
80
13
90
149
29
103
163
53
36
61
21
70
109
18
128
103
3
144
139
116
162
8
65
83
173
129
80
76
135
16
125
121
137
196
109
66
129
141
77
181
18
8
52
65
148
180
149
106
193
50
114
120
137
121
61
65
32
120
116
164
44
35
133
63
144
28
100
73
32
69
10
64
47
77
56
96
189
68
81
77
68
117
100
107
38
185
153
177
93
117
94
148
57
27
177
48
166
87
83
178
62
151
166
102
64
163
174
58
19
89
145
78
159
129
6
17
114
186
29
124
73
164
114
198
131
40
18
26
198
193
175
154
114
12
161
95
89
185
52
31
6
48
162
12
177
75
40
62
21
44
67
128
122
64
16
102
110
148
188
2
33
184
17
71
56
40
72
58
18
25
95
105
69
117
69
167
173
53
8
74
95
67
140
61
50
151
86
147
94
21
116
91
135
58
146
176
7
149
139
176
49
166
160
161
19
127
177
59
52
112
167
149
37
171
139
14
188
111
107
66
147
61
43
31
20
37
168
68
151
181
104
86
46
76
200
58
27
103
147
64
13
174
132
30
130
39
181
197
108
53
90
1
78
111
179
53
144
11
155
146
79
115
76
74
146
172
133
130
118
66
47
117
154
42
149
94
198
77
197
104
145
52
193
186
33
15
41
109
94
57
182
70
109
15
89
139
14
114
91
4
154
111
4
69
124
29
3
117
125
120
68
164
79
177
1
164
70
62
60
50
165
51
81
131
181
196
109
9
185
65
10
49
15
121
98
177
42
135
193
169
119
121
99
134
77
52
104
96
193
18
42
38
166
61
112
179
176
83
14
170
48
12
169
20
37
13
113
176
62
131
45
8
129
108
200
84
191
199
40
175
140
46
121
4
143
105
147
107
174
62
2
38
183
180
169
52
42
70
87
120
76
194
65
116
31
128
123
68
6
147
74
87
25
184
65
4
186
131
87
150
13
44
151
46
170
36
59
199
81
188
198
59
181
167
134
132
50
23
191
160
52
101
11
83
56
55
185
53
151
126
68
37
86
196
135
149
30
74
4
49
170
181
66
18
123
43
93
163
5
199
86
93
134
63
80
159
141
150
115
125
40
181
20
60
180
156
36
185
169
39
93
59
137
47
137
146
19
115
45
18
39
200
1
64
140
52
63
59
116
86
106
184
8
86
23
46
33
93
70
154
160
128
52
1
170
135
5
67
154
104
4
64
92
111
102
134
113
143
195
184
77
58
56
156
78
171
171
47
58
32
197
167
120
83
35
15
194
58
165
173
107
131
193
72
164
136
49
3
24
106
90
48
158
112
199
98
79
159
197
58
90
177
160
2
8
109
106
47
75
133
25
99
18
1
45
129
114
113
7
126
129
110
170
160
176
143
34
183
155
68
179
169
41
154
108
78
22
38
10
92
188
107
6
126
131
120
102
14
29
176
99
121
102
65
129
7
13
179
78
27
159
162
48
95
26
3
82
43
158
2
170
165
141
154
154
165
121
17
103
107
109
76
159
70
104
62
200
109
101
14
88
35
9
38
80
32
135
37
175
154
94
85
183
61
94
169
37
76
14
175
19
105
105
108
100
111
39
83
42
36
134
121
7
197
49
53
158
8
18
158
13
54
53
42
65
5
43
194
23
48
45
131
189
176
26
14
8
71
150
192
81
141
103
103
19
121
3
179
12
38
48
13
31
77
37
8
34
16
164
37
170
48
51
169
50
42
155
61
157
179
38
168
174
147
84
95
129
152
182
55
74
155
128
10
59
110
181
142
198
79
113
58
48
144
104
6
182
44
54
162
13
40
87
6
129
6
115
66
197
138
46
65
72
166
61
120
104
108
73
102
104
139
198
147
142
126
89
86
98
90
124
173
133
133
126
18
99
80
54
182
161
27
36
1
190
27
116
121
158
173
108
121
27
30
95
146
149
70
12
84
95
12
126
76
67
125
67
180
158
5
170
116
19
145
92
100
36
164
160
65
60
152
128
80
185
197
136
95
23
195
93
134
9
127
143
100
151
72
114
101
156
132
152
159
4
146
126
167
33
197
162
127
145
49
139
122
3
196
183
96
122
61
153
67
49
77
12
119
55
29
131
184
185
66
187
85
118
44
197
197
49
153
9
116
141
107
98
48
77
43
115
196
28
22
120
94
182
138
4
37
160
179
58
160
176
38
81
140
131
27
143
181
130
30
65
97
158
192
96
102
117
152
157
45
32
118
104
170
112
52
105
51
29
6
139
115
106
39
91
42
96
145
8
126
158
194
3
182
185
50
194
104
49
45
91
195
26
33
2
133
30
41
55
44
118
29
62
100
2
109
79
111
131
15
163
15
22
197
118
66
199
85
53
172
120
1
172
2
162
3
110
80
58
104
91
182
10
72
42
38
42
24
70
125
42
89
63
180
174
16
83
182
19
186
176
60
2
200
117
56
114
107
54
104
174
195
174
11
47
197
89
58
116
181
81
92
2
197
180
91
1
117
88
141
131
25
82
3
38
154
29
90
72
63
90
197
142
199
27
4
149
38
72
57
83
164
42
27
168
137
49
129
13
143
200
143
192
158
50
2
109
200
125
54
122
187
112
69
88
148
47
36
32
146
136
10
140
4
163
116
177
32
109
78
78
44
99
144
88
182
91
86
100
95
130
95
101
124
148
95
159
105
199
131
108
155
81
6
172
175
187
121
41
53
22
19
144
46
159
64
166
175
130
179
123
13
146
159
53
83
188
72
13
155
38
183
105
145
183
186
76
121
121
60
77
57
94
59
166
14
77
82
96
44
164
187
175
96
196
38
122
92
40
61
64
122
94
75
188
183
194
116
86
2
6
120
27
188
63
167
7
172
182
38
103
54
29
60
172
172
28
59
174
108
40
169
65
178
109
95
17
21
169
178
98
97
12
13
39
72
187
116
12
51
152
50
198
71
184
192
191
121
49
37
32
150
83
45
139
90
129
164
180
178
65
41
11
172
165
23
193
161
16
141
161
63
126
24
17
42
31
176
79
137
132
57
166
175
58
81
163
10
20
64
181
116
35
17
110
167
29
181
79
23
61
187
21
149
86
59
54
199
63
51
89
179
16
64
184
56
125
99
102
66
4
124
197
121
103
99
42
128
148
51
131
120
108
18
198
16
18
4
191
110
122
3
110
102
161
102
152
196
183
65
110
171
145
147
189
135
98
69
174
69
71
45
14
188
61
185
45
91
46
96
55
71
73
132
56
12
74
53
85
40
157
27
69
63
176
110
12
163
132
24
56
107
147
166
46
185
74
8
130
164
85
161
42
63
175
118
151
152
6
129
139
47
59
42
169
20
39
153
43
10
36
88
141
88
67
98
3
11
72
154
123
117
141
103
116
194
30
156
138
24
152
67
136
80
27
124
160
118
113
37
103
193
110
111
39
54
186
21
37
49
149
49
83
53
95
77
42
16
189
105
57
84
53
105
82
111
55
159
7
137
175
199
160
131
108
58
20
118
183
75
57
45
11
180
40
143
147
46
138
153
71
50
45
50
147
161
156
33
70
7
7
97
5
176
136
164
40
92
90
46
23
117
116
149
155
106
72
68
181
135
66
172
141
184
122
64
102
173
2
118
170
31
68
42
102
162
5
194
70
118
59
26
1
37
55
25
148
162
107
181
19
19
120
156
172
165
59
138
26
131
55
192
84
117
141
58
27
173
62
169
109
32
80
15
29
126
10
21
41
112
110
83
77
61
195
167
154
35
4
35
88
27
160
145
18
15
5
93
26
151
129
162
100
197
79
100
74
51
63
162
66
99
194
2
52
182
87
106
49
108
87
134
129
115
143
36
10
199
175
150
164
169
178
137
81
193
160
137
186
86
99
91
3
189
157
193
104
172
129
32
113
190
198
82
190
120
69
195
91
58
79
197
25
80
144
144
137
104
16
115
77
158
147
9
115
65
84
39
41
97
48
35
187
137
152
96
189
135
96
36
134
84
27
137
113
180
53
117
115
14
136
2
116
153
71
166
161
21
13
42
53
98
154
198
71
77
195
93
100
33
12
99
33
159
51
38
62
176
19
128
32
18
153
107
142
25
76
118
125
53
151
196
72
175
17
176
152
81
123
136
172
149
171
98
19
85
51
122
172
142
131
158
84
23
161
69
141
130
1
53
47
166
103
76
130
33
116
115
88
54
139
196
182
135
118
85
108
76
24
194
152
113
184
31
69
96
55
175
86
151
178
47
161
193
33
130
124
44
198
139
127
86
169
192
192
99
156
71
179
127
117
147
70
169
14
29
80
14
154
81
99
87
137
30
124
130
186
14
190
10
35
107
29
52
179
144
80
9
195
137
89
163
183
41
117
192
55
71
188
112
127
165
179
80
92
96
81
169
69
90
102
70
197
136
38
50
20
129
195
135
110
119
141
24
20
125
178
28
131
163
111
83
56
135
122
126
30
11
26
81
105
40
94
152
83
167
92
183
20
184
125
66
46
97
19
185
81
89
14
108
111
53
182
3
146
172
105
119
100
13
128
65
199
48
130
37
63
109
64
21
153
172
53
143
92
104
66
80
104
108
195
199
161
48
189
8
85
79
119
189
111
53
131
109
153
137
103
86
169
149
106
26
22
86
92
169
181
129
156
40
137
143
152
159
135
24
143
75
47
156
89
144
195
171
62
189
189
92
157
88
109
132
108
8
50
129
36
172
87
191
123
126
173
184
111
164
92
194
2
19
179
174
82
65
47
48
192
124
12
141
54
28
130
94
49
190
96
91
156
98
25
162
38
88
102
101
126
186
2
197
40
72
198
97
34
192
196
61
134
32
86
109
45
190
93
94
16
58
166
121
61
28
75
77
192
177
41
18
92
25
162
29
47
142
156
138
24
134
104
11
182
179
24
85
122
77
51
155
194
108
156
28
63
43
147
170
100
134
87
46
60
199
164
63
188
141
173
23
47
96
184
121
51
89
33
118
105
150
29
160
33
44
4
151
83
81
163
7
138
51
63
97
166
88
64
142
108
27
153
83
152
33
133
20
155
5
58
142
163
145
165
178
69
95
135
23
28
168
79
167
5
195
22
144
192
168
80
157
95
66
48
34
29
107
2
15
171
121
80
146
7
108
107
16
198
7
135
82
72
52
59
55
50
61
149
45
103
124
53
183
16
99
6
107
74
36
49
114
14
41
168
145
153
65
144
43
60
64
39
54
13
85
170
71
186
134
114
35
98
190
137
174
195
87
158
120
131
13
72
93
68
8
81
169
92
161
76
112
81
149
159
131
198
197
90
197
170
8
85
192
162
60
46
36
78
50
100
82
159
113
128
26
85
83
47
68
122
101
164
48
73
93
149
133
22
20
133
137
134
93
190
126
5
4
11
154
118
84
164
164
89
197
113
188
61
170
102
197
67
84
172
97
199
123
62
144
33
42
33
64
125
13
41
131
48
34
53
53
150
25
92
119
169
174
144
170
28
27
53
52
27
173
117
189
100
143
13
10
187
2
78
94
57
171
92
41
167
1
171
94
147
113
6
175
88
144
14
189
157
191
75
115
4
98
40
73
73
108
154
178
5
118
4
10
77
136
104
187
192
164
83
16
1
109
123
173
72
170
91
152
167
98
113
49
185
94
130
187
70
72
152
27
112
75
90
94
36
71
167
3
131
197
54
134
20
155
2
123
56
82
197
173
187
61
80
113
25
52
171
36
190
176
141
85
125
190
89
199
168
98
184
40
98
121
112
175
149
66
9
71
152
194
155
58
73
148
46
182
4
157
126
96
1
15
92
119
84
141
139
124
82
73
3
194
29
44
63
179
23
33
11
162
165
70
200
56
97
157
33
175
153
99
121
13
44
34
10
109
190
59
96
51
65
123
148
199
4
182
147
34
189
48
188
69
50
124
185
128
196
161
97
118
162
77
132
123
110
41
107
116
47
200
63
41
53
164
176
128
183
113
115
148
23
70
98
23
148
109
26
12
21
14
73
89
67
30
175
115
199
54
46
102
90
118
168
80
161
58
29
148
13
140
121
7
187
195
103
29
33
23
91
108
165
169
61
174
102
115
27
186
2
41
35
195
123
98
110
140
26
72
57
178
33
83
141
79
167
172
140
63
170
175
50
188
4
28
33
1
101
175
58
55
96
20
137
177
185
193
173
180
98
47
75
37
67
105
158
121
14
136
11
52
198
162
50
82
36
142
174
70
60
45
183
72
99
46
140
162
112
52
46
53
124
18
63
56
95
14
157
57
188
184
116
197
53
76
157
195
133
19
157
108
149
198
37
22
110
42
118
175
130
107
45
61
74
166
166
115
2
87
130
11
143
115
20
113
31
91
146
69
60
8
109
44
195
10
104
1
155
32
184
75
99
180
51
119
164
23
108
165
129
116
136
194
11
185
60
118
40
123
128
54
91
154
163
26
87
191
91
17
125
165
130
30
72
96
113
37
155
114
199
199
188
23
86
43
179
108
21
51
179
52
170
47
145
31
15
116
69
188
9
178
67
198
51
8
174
121
97
79
193
7
76
141
42
107
72
143
2
128
26
155
108
119
24
123
98
76
3
172
179
151
160
27
55
188
200
191
100
127
4
75
2
110
85
156
154
30
31
108
113
63
41
124
93
124
2
97
69
25
96
88
136
133
27
46
27
108
11
52
90
41
178
115
122
105
129
59
66
160
157
126
90
3
25
152
89
143
192
52
23
78
50
47
105
77
57
107
128
41
93
22
71
134
95
38
6
105
77
111
189
112
21
45
153
12
130
34
104
57
130
78
83
14
76
106
91
119
194
19
12
174
140
170
120
158
73
180
26
116
145
144
143
158
99
74
158
18
84
200
117
153
75
111
182
182
91
10
150
106
46
160
65
163
200
175
66
131
51
186
88
104
21
140
122
105
131
198
160
129
177
44
85
194
132
120
63
2
197
44
147
161
121
30
34
71
141
1
31
191
199
73
66
124
102
114
182
133
158
55
37
168
10
27
60
114
89
186
200
121
163
164
13
42
70
43
43
66
55
147
142
58
2
62
69
89
40
74
150
64
196
192
170
118
22
39
99
18
186
174
138
65
59
121
53
62
58
180
184
104
99
177
124
29
23
30
193
99
127
79
159
138
143
24
188
65
196
103
103
24
129
67
197
196
190
6
73
13
31
187
68
67
97
140
70
50
171
177
174
35
45
88
10
126
19
116
132
104
14
176
66
191
182
192
49
42
101
107
10
9
153
94
136
120
106
192
81
162
200
126
51
175
12
40
186
91
157
53
198
121
84
187
74
118
36
120
112
117
70
39
110
160
74
96
178
166
175
190
57
10
32
25
138
4
161
50
182
54
191
71
159
19
134
54
162
178
5
134
144
87
37
153
32
80
177
180
99
70
69
157
183
182
76
151
90
139
150
31
134
29
135
133
5
61
25
118
123
159
143
189
97
109
94
138
34
59
114
81
23
170
96
77
44
116
95
102
102
65
23
63
14
28
51
30
177
23
187
169
93
39
51
165
85
59
177
174
164
9
137
167
53
15
121
7
108
45
136
4
170
44
153
48
15
87
119
195
137
80
11
128
19
64
122
81
187
193
98
193
15
39
1
175
173
5
2
66
161
107
192
22
165
138
163
157
89
151
183
28
165
63
55
166
48
43
160
62
76
4
119
106
4
78
70
24
105
178
195
147
107
200
70
74
3
2
42
153
159
69
12
40
117
185
75
50
27
177
97
69
65
143
79
67
102
7
157
142
156
51
62
164
28
140
188
80
76
12
26
21
152
174
200
20
35
97
188
102
44
11
130
81
45
10
94
115
146
195
101
75
152
86
124
167
21
101
164
77
28
146
20
153
141
176
170
66
21
139
17
103
88
57
140
114
101
11
183
56
139
10
65
5
22
43
186
138
74
199
13
103
162
147
120
23
110
178
52
80
51
85
135
185
36
180
138
145
79
165
125
167
17
6
3
162
20
67
83
199
197
44
75
39
36
124
189
32
170
149
77
53
157
65
76
191
88
100
12
62
26
4
27
61
47
130
76
150
35
162
4
119
61
33
4
165
144
154
196
62
55
177
83
96
146
31
84
47
35
187
116
62
25
140
192
11
143
174
149
194
189
35
143
118
74
101
167
45
192
129
116
89
120
62
175
67
63
152
52
27
116
27
107
109
54
118
47
57
114
91
169
8
40
5
113
11
68
92
176
138
47
98
132
42
196
185
24
188
83
48
6
123
184
130
126
45
111
94
118
106
150
124
115
66
116
10
30
110
174
34
88
42
141
51
17
19
198
197
177
153
24
182
88
166
19
60
69
52
154
104
57
94
140
76
137
84
2
190
167
174
173
105
132
25
143
157
98
179
32
152
39
139
194
15
182
18
102
71
47
155
113
59
19
105
69
152
16
108
137
153
86
50
39
64
80
67
52
118
130
95
61
125
179
175
167
158
107
3
79
176
4
23
39
129
96
45
106
137
149
164
185
172
106
36
110
179
110
64
114
99
46
200
199
167
155
162
128
29
183
54
199
92
128
133
11
9
56
15
127
70
113
1
15
151
11
104
36
153
120
180
165
134
125
198
116
98
133
162
30
22
197
166
145
37
15
18
159
62
133
160
124
113
168
92
36
3
182
132
75
124
33
29
27
192
123
65
58
21
141
174
3
136
35
114
152
32
100
14
25
132
97
100
72
30
141
3
34
34
186
142
33
65
139
91
5
68
157
83
149
86
137
182
156
93
88
1
172
87
143
73
157
122
109
124
28
137
97
147
76
100
145
198
167
200
195
122
50
192
191
133
82
19
21
193
186
170
3
98
113
143
63
129
85
127
49
153
97
69
27
127
92
7
103
1
4
119
143
47
154
49
134
29
106
43
102
101
106
163
156
121
187
131
18
15
159
85
48
151
113
133
29
125
109
187
1
17
131
92
71
100
49
61
17
181
114
27
100
98
86
80
90
151
90
1
51
98
125
56
66
23
154
95
121
111
138
104
29
76
41
7
46
50
36
166
121
142
107
76
99
67
129
186
129
125
147
117
178
130
53
23
185
7
72
113
94
105
92
146
135
199
195
92
16
177
42
193
185
79
7
131
159
192
112
131
45
101
126
70
117
31
16
118
73
43
15
96
145
50
38
11
88
47
88
150
43
123
67
22
164
15
126
156
3
51
196
135
61
115
51
12
38
79
185
42
12
74
168
198
41
144
198
195
18
15
95
135
24
6
37
168
35
67
80
134
86
119
39
75
79
103
164
18
41
152
176
178
190
161
176
30
195
85
33
31
111
38
60
147
193
127
43
27
8
71
38
6
133
99
167
13
68
82
63
113
91
151
139
144
97
94
101
77
183
130
170
129
31
24
63
68
146
151
91
149
164
193
126
10
22
154
63
180
166
40
176
50
163
186
34
76
130
96
22
139
57
132
167
123
14
114
191
69
165
16
113
190
101
69
101
107
186
49
131
117
49
37
10
106
132
66
34
34
10
46
116
82
33
74
121
193
199
14
47
56
162
196
1
95
95
26
74
97
161
137
5
27
128
84
15
174
71
174
67
140
130
113
186
118
83
105
176
93
88
119
15
8
59
152
154
18
62
41
3
130
142
157
170
136
138
163
1
177
90
165
166
175
56
18
1
187
147
165
29
141
140
75
114
75
124
140
75
76
70
154
22
134
182
160
42
113
120
109
68
30
54
134
109
64
170
79
44
18
25
55
167
133
189
190
87
104
12
175
65
99
121
120
61
144
156
198
98
107
136
17
22
86
64
172
105
121
41
153
52
138
127
108
148
185
180
141
147
145
134
65
103
88
13
151
16
33
163
169
47
26
18
41
64
6
154
55
59
57
112
98
150
192
24
159
8
197
102
34
10
54
11
159
39
81
20
160
71
182
40
111
33
43
132
193
150
197
123
117
159
76
158
60
111
184
127
23
35
35
160
54
15
167
26
166
118
100
21
21
98
174
19
139
27
141
93
103
177
8
172
77
27
134
55
84
86
162
143
26
154
105
149
71
200
105
157
6
49
143
88
99
38
49
14
185
57
199
182
133
122
115
48
63
88
94
108
176
92
131
200
17
83
116
156
63
65
37
29
36
48
51
142
108
161
87
72
43
178
9
65
30
121
185
82
195
84
192
91
16
145
40
148
120
26
19
135
87
52
80
62
68
105
46
200
13
71
57
88
71
166
101
69
179
99
194
143
177
118
84
127
85
60
154
167
164
55
162
89
85
148
195
143
98
173
43
143
69
31
141
185
156
181
72
8
172
69
148
92
30
156
64
22
197
65
198
38
60
195
179
133
131
71
140
105
51
71
37
138
38
174
72
146
169
173
192
176
81
46
95
91
96
36
77
74
86
48
126
16
175
57
100
23
133
115
29
16
101
106
151
149
36
61
58
157
49
110
44
133
155
191
159
71
130
13
20
138
184
81
36
14
14
181
86
84
109
163
99
80
69
180
55
142
93
122
183
131
132
191
200
131
141
44
39
57
130
123
175
56
47
53
115
188
188
32
32
48
160
102
196
19
66
200
99
93
92
197
68
137
75
158
11
23
150
65
98
17
81
35
65
78
155
88
139
199
22
98
163
15
126
177
167
71
33
108
152
56
164
150
92
101
33
194
19
184
23
154
98
190
85
42
131
164
169
56
9
90
195
144
99
109
58
34
132
102
191
127
177
170
71
152
85
179
46
116
28
21
89
136
83
65
196
134
51
134
41
88
169
2
119
188
58
167
28
159
33
7
51
152
184
60
5
138
196
51
76
152
78
73
159
152
14
59
170
5
151
130
126
42
155
68
199
37
113
25
116
138
27
105
120
29
184
125
150
156
91
13
66
6
113
62
90
103
178
23
141
35
56
144
33
139
44
109
200
55
196
144
153
69
80
172
21
84
158
105
31
33
64
69
82
78
104
187
7
109
102
79
2
197
180
146
84
10
171
161
104
44
191
28
129
82
5
110
58
189
153
5
32
117
118
155
49
106
111
68
178
38
119
28
146
52
120
10
22
39
110
108
99
30
65
8
14
7
113
107
118
50
151
155
110
168
43
86
25
139
178
31
89
199
112
105
156
178
22
128
67
44
1
2
104
71
52
166
55
154
19
142
172
84
198
114
80
137
40
37
163
139
17
133
103
34
11
80
15
117
17
139
22
16
190
98
6
126
50
77
60
29
27
14
161
92
121
67
44
113
176
92
166
123
142
25
60
137
151
110
145
93
9
11
133
173
99
86
159
79
96
34
112
11
137
189
133
24
31
59
186
162
116
113
111
188
132
65
8
195
93
119
145
3
167
126
200
12
65
198
156
145
148
22
176
174
13
156
21
155
157
7
81
40
120
132
101
52
47
50
86
60
16
40
36
17
129
46
190
30
81
82
119
85
181
2
136
188
128
115
102
77
174
123
141
192
46
146
40
89
68
134
197
134
29
93
5
73
67
186
64
127
146
43
77
24
26
137
143
81
2
70
115
107
46
197
48
94
127
199
168
100
40
8
116
47
87
16
177
94
109
24
163
95
126
115
108
123
32
159
30
124
65
140
123
72
32
52
94
47
12
105
184
92
94
78
197
12
158
77
122
110
108
63
179
39
41
147
32
156
7
85
31
102
36
81
188
59
29
183
185
36
8
77
153
102
100
132
32
142
114
167
159
6
90
60
9
162
136
95
45
60
108
51
51
151
52
3
92
45
172
129
28
158
114
25
117
57
186
75
7
182
34
85
71
102
6
45
138
138
102
5
143
20
45
107
124
87
109
182
15
36
156
128
29
126
19
156
159
56
115
186
69
114
149
163
182
177
159
193
193
58
177
28
158
13
1
62
48
93
55
13
167
179
18
155
161
190
34
182
179
142
91
1
10
43
96
10
140
161
94
80
120
122
29
154
159
8
151
78
84
74
64
90
2
80
103
166
50
2
56
10
15
19
124
136
62
185
3
36
161
171
163
166
197
63
46
99
142
85
29
107
184
22
46
183
6
140
35
117
173
167
76
125
60
97
104
32
98
169
133
80
28
80
43
64
167
109
32
27
152
128
140
195
83
47
33
28
26
121
194
36
12
140
23
53
3
17
77
177
187
38
101
27
68
117
43
73
162
8
195
165
61
116
99
81
1
65
73
142
189
50
117
153
194
149
1
56
24
27
77
145
115
183
134
88
198
47
46
84
40
28
52
58
83
41
68
101
185
185
86
82
200
193
164
132
3
78
80
18
200
81
86
182
194
146
103
102
171
83
115
51
10
78
123
173
112
50
127
101
27
44
39
112
152
133
143
110
113
66
194
23
134
177
148
188
94
56
96
178
149
68
13
128
188
155
180
142
21
66
114
46
110
35
140
162
31
138
139
85
60
30
95
61
127
11
3
183
62
90
79
48
183
142
27
149
169
2
179
135
177
112
151
40
192
5
18
113
6
118
175
180
120
182
148
138
152
158
163
131
111
103
106
1
64
76
177
193
52
182
75
80
180
188
183
37
30
172
88
195
169
79
51
90
82
180
51
51
140
97
22
97
171
92
194
51
194
103
180
156
166
85
133
163
162
3
21
173
11
2
37
15
142
38
161
103
150
110
2
60
25
125
121
137
13
186
129
159
111
76
170
194
16
134
87
125
118
29
147
76
66
4
120
67
50
172
147
77
93
26
123
124
107
189
100
149
149
200
98
81
23
11
72
127
109
16
190
2
128
187
103
155
110
47
74
81
154
42
52
183
134
154
29
104
47
75
188
120
32
91
64
70
155
138
45
195
41
88
93
14
194
167
54
183
134
34
157
36
80
84
43
109
72
14
9
51
145
170
156
162
190
49
17
45
196
183
127
199
118
79
67
136
136
75
91
139
70
29
73
158
190
17
180
161
149
57
139
20
197
180
170
130
137
93
167
125
177
13
132
194
17
33
131
49
151
57
82
96
4
139
115
187
62
7
110
105
158
134
198
139
111
126
195
26
64
73
144
160
50
51
195
195
24
195
164
122
57
147
7
150
189
105
133
114
174
60
3
86
47
90
107
119
141
4
21
129
174
47
87
198
36
144
7
32
132
122
132
90
40
42
70
141
21
115
168
12
14
24
9
58
47
184
75
125
99
143
191
39
118
150
64
147
127
181
84
58
189
66
200
195
152
32
163
196
81
23
111
128
159
12
74
177
139
114
188
62
160
79
190
52
114
175
137
50
118
75
199
143
12
90
150
20
58
91
176
169
116
157
125
69
12
154
76
21
124
50
197
183
93
20
162
103
162
6
132
70
180
171
30
51
158
91
157
160
56
173
200
161
30
112
58
176
153
151
190
115
21
120
188
193
132
171
106
29
153
141
57
90
169
71
193
35
78
162
62
16
168
131
190
44
120
16
167
148
73
33
172
7
98
44
53
11
4
151
125
107
165
52
160
140
3
191
80
8
84
73
134
108
182
165
33
61
32
72
12
152
200
140
63
69
166
40
55
78
120
56
1
161
2
41
107
42
193
102
11
189
62
98
113
181
141
123
7
112
107
158
39
101
152
11
57
90
139
23
190
24
79
70
58
123
153
52
81
183
12
185
11
153
107
3
181
14
62
182
8
138
54
36
143
79
79
110
99
116
96
26
164
7
48
50
180
100
71
184
99
101
98
137
46
119
106
110
103
125
139
176
82
122
49
102
172
12
138
50
26
21
115
143
113
18
49
128
190
141
81
31
31
132
8
79
137
191
85
50
178
43
125
74
187
156
105
164
131
184
178
84
174
22
3
141
20
177
156
137
85
191
98
158
96
83
26
82
124
121
183
162
67
118
134
15
118
98
45
183
6
81
182
31
67
88
5
42
196
23
109
112
114
181
73
186
84
152
198
87
120
27
196
184
3
126
192
180
157
86
143
16
120
127
77
100
80
1
149
75
139
31
22
11
107
30
73
170
28
42
43
50
114
170
112
50
41
118
108
28
10
97
137
15
191
56
140
28
188
145
150
83
55
57
167
42
78
189
198
75
2
27
124
59
163
39
139
143
136
130
177
10
6
4
85
157
191
90
20
189
178
93
98
133
183
102
150
39
148
108
27
107
123
91
63
100
113
179
36
76
160
102
42
158
173
9
81
22
195
64
134
104
198
49
153
133
8
1
27
85
197
174
113
131
85
30
155
145
44
90
46
194
19
63
37
117
116
54
27
135
47
8
9
192
80
113
1
3
45
198
72
19
132
164
31
179
102
148
96
93
189
32
143
110
50
155
92
52
198
145
62
143
129
167
171
146
80
14
34
198
49
187
21
191
6
139
53
42
183
59
54
102
117
6
13
200
121
167
73
152
123
172
186
104
154
159
124
139
71
15
127
166
89
16
18
22
93
167
47
142
127
146
44
69
125
88
97
51
186
155
64
100
158
31
118
53
19
105
138
113
105
62
96
169
180
42
129
48
125
181
100
86
188
2
135
128
60
56
35
122
186
161
64
52
53
96
90
165
100
109
39
129
112
50
45
153
2
29
8
135
55
129
35
55
6
180
15
18
102
33
42
119
1
138
89
23
186
115
55
2
70
163
75
169
183
119
123
122
182
168
167
93
27
137
18
13
139
105
184
92
158
76
82
185
50
10
195
176
159
131
26
89
1
127
131
34
185
32
117
137
181
135
112
6
152
79
90
46
161
183
143
199
33
148
36
54
53
7
78
4
70
102
107
81
29
171
174
11
192
74
200
109
162
158
134
20
26
88
157
54
67
185
97
42
176
126
83
191
185
192
64
103
12
125
52
63
19
29
31
63
173
130
153
26
154
106
171
131
86
158
46
151
87
154
32
68
145
77
16
10
47
155
158
130
150
141
69
162
49
110
81
106
194
98
22
87
186
189
16
159
132
183
177
34
147
39
105
92
194
117
193
137
81
26
94
191
179
56
61
40
79
194
116
3
185
51
91
69
79
60
7
108
184
57
183
121
27
4
148
9
46
35
98
145
111
47
57
18
182
79
180
149
192
165
64
26
156
188
2
185
182
63
97
117
50
87
122
96
96
166
74
155
50
160
158
94
180
78
191
43
33
140
42
195
128
46
52
13
11
2
33
118
18
13
108
166
71
105
107
171
163
14
46
89
29
88
190
60
20
8
114
194
142
185
82
18
46
171
121
10
148
116
79
173
197
198
161
99
58
96
92
186
5
4
39
99
13
45
6
93
149
154
100
182
143
27
14
76
67
112
22
192
21
76
2
41
167
138
144
103
115
63
85
191
188
105
149
85
189
142
108
200
44
67
118
156
176
68
150
22
190
45
51
145
158
13
194
105
178
98
185
65
34
176
90
171
31
12
69
70
12
49
190
16
115
94
12
22
16
75
129
130
141
200
15
94
8
132
141
23
117
184
188
91
198
169
78
176
121
9
82
164
66
94
192
29
2
127
171
122
46
194
127
40
137
31
19
79
14
154
45
183
45
107
69
100
56
31
58
14
113
109
4
173
83
46
88
30
117
199
18
119
195
180
55
130
27
146
88
108
25
63
104
106
113
61
97
162
102
165
18
46
155
12
137
176
74
7
69
109
87
150
57
192
183
190
127
41
172
145
8
82
123
90
127
51
30
1
2
68
84
172
124
144
146
155
59
199
194
184
88
64
125
141
28
197
199
153
71
144
157
166
108
37
54
109
130
118
138
162
121
198
40
172
84
79
89
132
102
4
131
92
54
193
2
32
107
170
34
17
43
42
80
107
12
159
100
74
125
88
141
12
39
180
112
48
111
193
48
3
88
7
110
121
76
169
148
112
52
29
11
59
80
115
197
55
200
120
97
195
191
89
67
100
116
193
194
197
88
167
103
117
92
95
23
78
86
45
75
71
185
131
13
1
188
185
12
90
91
124
40
165
115
122
31
87
66
142
190
95
107
37
194
112
199
78
3
88
151
34
168
55
57
18
115
49
176
188
141
118
117
110
91
90
146
32
41
5
178
52
39
168
27
136
194
6
109
129
149
118
181
186
126
182
140
5
35
90
8
30
140
119
100
148
61
69
138
7
89
79
143
90
77
125
6
72
90
157
65
194
77
3
89
123
19
46
174
80
44
120
127
180
129
99
23
27
17
183
139
109
121
42
180
113
103
23
187
18
37
122
19
39
12
171
162
156
94
139
51
140
176
127
83
93
4
12
21
137
154
39
11
113
118
186
19
48
182
198
132
86
170
75
53
25
200
65
123
64
121
105
90
25
171
85
10
115
21
32
106
157
150
181
45
80
29
46
74
48
116
107
67
47
89
15
90
125
37
192
86
178
145
200
179
54
61
155
138
28
58
2
46
49
191
10
164
161
62
71
86
166
132
33
167
175
26
21
139
12
77
56
94
191
101
140
158
28
64
187
146
175
19
66
40
93
42
30
161
94
192
182
67
94
182
41
139
64
145
75
148
13
133
91
105
166
197
99
124
79
87
65
133
133
104
91
93
97
192
200
53
156
186
41
199
158
106
134
26
30
163
109
173
29
16
37
42
116
168
9
41
107
109
199
200
53
61
63
127
50
98
74
8
80
124
132
42
158
56
100
29
96
194
52
93
132
84
66
168
106
193
195
22
128
169
163
95
49
23
43
154
69
33
91
55
102
181
89
166
5
10
131
170
67
159
51
72
190
97
34
194
163
127
20
160
155
81
32
48
75
69
50
54
46
6
19
18
188
121
134
154
135
116
99
55
131
77
43
3
193
124
156
91
88
179
134
11
136
200
31
131
85
69
200
100
158
74
156
38
60
124
46
100
121
5
54
140
97
106
190
125
179
178
104
10
53
181
71
65
172
106
16
200
32
68
37
192
184
188
82
51
177
45
89
75
77
39
52
191
74
1
196
24
61
10
115
72
126
141
178
34
4
198
189
73
151
5
175
148
138
119
133
110
115
182
9
62
146
87
149
27
200
111
147
102
115
13
184
133
43
135
158
18
105
124
148
116
25
68
109
76
139
191
199
152
111
19
190
133
169
195
35
184
168
58
102
136
50
142
26
16
108
136
140
19
68
164
122
41
187
33
67
1
191
99
196
110
131
57
172
23
139
83
61
36
151
82
150
177
121
102
128
49
19
185
24
34
170
138
185
128
109
174
72
139
133
33
194
97
49
99
174
163
64
188
129
103
28
125
25
169
111
152
145
30
131
110
9
55
109
52
93
99
131
74
88
85
154
192
142
153
158
24
172
139
199
177
175
192
70
69
177
101
164
169
122
178
23
173
41
88
198
133
38
197
111
90
137
103
152
144
130
18
118
58
58
92
11
14
196
177
169
181
75
144
197
2
91
59
123
89
177
76
144
95
55
137
66
174
147
118
137
173
11
10
181
15
75
23
139
186
57
115
79
91
178
175
186
72
172
12
15
175
174
129
130
71
14
65
193
164
96
195
45
41
28
119
56
112
126
105
174
111
198
153
146
185
175
44
134
14
19
187
123
141
193
163
137
71
158
109
48
13
139
185
30
146
93
54
156
111
136
147
68
27
17
158
104
158
184
162
24
193
4
18
181
129
64
131
127
35
144
137
37
20
38
177
54
187
60
159
46
166
195
48
191
37
148
42
134
105
160
81
193
90
140
11
102
127
60
100
173
82
97
160
11
103
124
126
107
180
76
74
23
190
185
91
49
102
176
83
144
88
130
72
28
104
78
143
169
103
30
10
176
126
130
134
14
88
71
52
10
176
69
42
17
89
82
198
30
169
65
102
63
2
147
27
25
186
103
31
178
80
58
75
62
158
148
92
161
104
13
176
53
49
1
140
83
164
30
13
114
71
150
182
18
92
151
27
19
162
159
117
154
107
138
107
16
149
145
154
165
179
12
6
18
148
165
37
167
8
91
75
86
19
99
90
144
85
138
106
11
94
193
135
170
163
150
164
138
16
42
157
73
143
159
84
1
173
197
91
166
85
95
40
56
47
80
9
38
32
16
56
16
144
34
118
170
49
81
142
160
52
126
120
175
147
87
171
82
163
24
66
131
156
135
59
99
128
90
125
57
89
78
181
178
23
6
134
26
81
137
103
108
152
170
182
99
174
29
52
139
199
8
18
6
138
121
2
22
179
57
193
143
155
98
196
43
199
153
97
127
159
130
39
91
61
6
64
189
49
115
183
42
28
138
4
138
177
37
34
142
89
200
79
169
90
9
57
94
84
42
166
164
81
42
25
92
191
151
198
3
106
95
191
128
182
73
198
122
34
22
199
53
165
49
164
124
63
5
127
197
129
163
132
127
117
9
113
16
103
127
197
28
111
37
11
156
146
142
51
101
82
172
146
70
124
61
129
70
17
107
130
75
120
88
37
72
186
29
199
39
79
79
12
51
102
18
165
93
130
41
176
167
22
34
45
196
147
54
79
122
119
49
59
164
188
15
52
9
92
61
79
61
5
20
116
82
47
76
128
32
44
60
137
164
60
33
166
95
153
177
120
161
167
161
136
110
96
63
98
87
114
52
22
193
14
200
188
110
171
121
87
12
63
1
151
191
194
165
17
72
53
31
135
9
8
16
44
138
173
38
193
6
1
139
83
148
70
83
122
44
135
182
195
200
26
198
159
121
98
139
12
134
199
66
16
147
58
94
194
1
105
181
182
9
95
27
127
178
154
23
11
59
170
138
188
59
2
143
60
84
64
108
102
146
59
131
111
97
55
148
165
55
103
1
73
61
88
90
70
49
174
162
185
48
85
186
9
93
86
196
142
183
122
152
71
145
37
191
144
81
152
28
20
39
92
40
160
114
3
144
42
24
99
77
69
116
45
141
54
192
143
1
73
16
54
60
62
23
190
156
137
106
157
103
41
97
19
28
108
1
87
12
125
140
169
80
8
102
95
124
180
144
194
106
196
190
68
150
123
149
107
149
9
123
20
51
150
30
58
9
133
102
109
119
137
66
175
2
164
119
197
57
114
13
63
12
42
127
150
101
13
167
69
37
71
28
10
103
160
49
6
6
3
126
40
160
63
121
8
118
197
10
21
128
63
40
58
67
144
14
101
16
91
142
145
52
110
196
72
167
20
200
149
192
197
73
57
152
98
172
58
32
3
121
137
199
162
59
74
64
37
66
40
106
2
30
115
8
111
173
139
197
72
89
155
86
51
37
95
38
190
112
94
40
148
134
106
152
49
185
60
177
167
103
66
91
176
65
37
137
173
108
11
2
47
43
53
23
48
80
156
111
95
29
60
13
158
65
95
139
37
22
143
31
104
105
83
26
109
20
191
180
45
18
138
129
109
54
1
117
127
116
113
129
100
18
106
55
191
15
39
158
19
68
127
37
142
96
161
21
128
13
160
70
142
36
183
75
181
53
45
85
120
39
15
132
155
129
127
96
156
12
7
8
26
111
146
23
180
196
148
22
134
166
154
187
192
43
138
186
36
85
157
124
170
182
67
117
17
149
167
176
187
60
24
50
154
103
140
56
14
187
32
136
108
193
78
170
20
62
54
60
44
108
128
194
32
187
188
200
98
101
177
139
25
147
164
136
51
172
62
173
199
85
195
176
86
187
12
145
76
26
59
141
72
24
25
137
22
136
90
73
32
93
68
28
101
12
166
104
40
130
3
97
70
39
107
43
5
53
172
53
142
149
63
146
90
161
137
99
50
193
89
83
63
73
105
22
40
88
60
112
19
96
18
93
114
72
126
82
130
124
181
194
87
195
104
115
154
9
11
85
61
35
6
50
127
20
148
50
133
63
50
46
107
99
60
43
79
157
105
122
88
140
89
159
43
164
75
108
37
156
144
170
80
123
93
60
45
163
21
19
127
154
190
180
116
127
48
93
66
164
70
58
119
45
162
13
22
29
134
24
15
26
98
40
138
183
67
177
175
20
97
3
95
97
3
24
196
122
15
157
118
65
28
137
53
143
190
43
155
106
65
169
119
23
154
50
89
65
1
12
12
21
74
1
150
86
46
133
148
40
26
199
35
43
106
15
64
99
75
114
77
80
8
172
17
122
20
71
189
159
68
2
42
37
154
19
77
191
166
106
129
22
140
58
81
9
47
147
145
138
68
100
50
117
45
112
53
9
17
168
76
98
177
196
162
105
169
127
111
100
84
200
157
142
62
57
116
28
152
3
5
70
172
83
147
45
136
184
161
123
112
75
151
73
16
75
148
171
59
133
192
118
2
62
83
71
194
170
64
74
39
120
96
36
10
78
5
138
123
101
117
138
6
44
28
135
84
24
139
128
156
182
132
79
77
44
74
73
77
150
78
30
18
144
105
151
109
127
157
26
120
134
120
93
95
31
88
57
160
27
51
51
163
27
176
62
126
164
79
140
133
121
89
197
129
1
17
43
183
143
70
52
158
66
147
129
106
55
93
200
198
136
184
195
174
9
158
196
44
25
32
74
141
179
172
62
140
165
123
61
140
136
50
57
164
77
73
44
61
140
81
118
157
200
43
162
139
171
199
129
193
85
150
198
32
26
156
145
44
45
115
7
99
47
21
183
115
23
134
46
200
122
106
182
30
108
111
64
64
153
46
82
186
108
25
109
179
82
73
27
180
17
158
173
109
81
100
76
194
53
104
91
33
106
44
127
151
31
9
38
11
35
113
135
46
194
33
122
10
76
101
3
3
16
65
39
68
59
159
193
74
174
45
14
130
11
131
129
130
111
41
159
17
36
115
53
59
58
70
42
63
42
77
121
127
44
39
168
153
61
19
17
132
92
158
148
50
174
73
114
54
56
88
171
135
17
199
156
63
52
187
116
17
184
134
93
102
161
144
127
176
128
60
35
75
78
114
125
136
79
182
117
117
199
197
113
153
52
99
14
29
169
172
198
70
74
63
200
32
198
25
44
132
56
65
81
114
23
26
15
36
38