313
15
238
248
164
209
81
13
359
260
134
207
84
123
380
419
239
145
379
367
33
495
20
389
487
208
156
303
68
92
228
163
239
23
13
45
368
402
100
459
449
292
341
418
378
290
200
22
25
152
368
153
177
279
96
295
22
401
183
123
281
313
152
237
294
436
86
243
266
418
455
1
108
130
323
479
405
306
166
206
293
177
200
2
338
463
497
117
437
351
46
24
436
477
482
64
369
488
184
255
158
64
409
373
299
288
131
33
219
277
325
217
209
26
80
392
74
455
296
444
27
234
57
451
477
407
166
136
26
445
493
183
324
15
116
361
463
284
420
464
126
17
362
24
278
29
450
262
362
70
131
128
396
448
237
300
218
238
80
148
298
405
467
295
440
145
218
239
254
261
499
436
65
114
237
62
102
237
376
348
51
191
219
124
302
452
262
455
422
131
469
124
264
41
116
233
440
485
200
451
28
156
429
430
293
120
281
483
299
473
284
91
338
240
59
456
395
272
372
461
333
247
75
121
488
452
358
94
128
254
333
331
466
390
142
22
432
472
38
142
29
104
238
263
107
91
370
273
20
67
40
438
424
250
433
252
279
252
427
109
161
335
212
270
334
256
365
428
453
2
232
269
117
141
85
79
212
119
436
146
62
412
76
136
217
482
399
304
297
320
405
459
450
88
81
17
170
372
18
175
388
244
48
51
355
49
339
85
399
105
326
199
240
272
330
98
156
105
24
400
412
372
246
286
185
418
450
331
390
2
436
35
287
297
411
307
269
268
487
66
285
215
36
146
460
52
311
232
484
496
416
250
425
440
253
265
83
326
101
472
497
454
256
172
418
42
47
311
70
493
40
288
324
243
428
194
32
94
191
375
106
223
100
145
438
296
107
243
354
137
380
271
62
66
248
13
112
179
82
380
415
53
173
5
312
108
66
433
95
54
247
366
436
183
288
126
440
22
300
122
429
389
192
281
44
295
191
28
206
255
56
80
420
394
197
411
407
365
271
14
213
393
254
308
232
305
344
124
267
221
303
490
103
353
207
372
335
90
242
430
235
209
334
306
498
185
429
399
93
180
51
470
36
182
407
40
143
356
303
494
365
359
335
299
112
91
24
310
246
304
447
436
463
201
50
356
467
89
294
477
319
440
12
42
371
411
140
83
52
489
20
442
479
176
135
479
442
211
323
33
211
222
62
199
288
283
152
120
216
268
292
314
358
250
139
182
154
257
100
44
394
248
280
197
493
353
136
3
329
241
445
45
476
45
283
154
56
4
44
374
25
93
168
76
20
152
55
464
395
46
436
264
193
248
121
289
426
57
405
365
79
328
29
155
178
16
198
74
81
454
374
257
476
362
83
93
102
21
467
48
482
1
304
483
345
471
249
302
376
246
15
33
445
180
186
63
380
81
173
129
241
322
265
466
133
307
364
104
199
412
306
253
272
247
421
214
296
473
162
63
307
318
196
93
88
407
389
304
155
308
226
302
317
375
23
227
480
203
245
210
221
463
154
279
40
476
62
189
461
470
357
244
178
462
299
145
298
281
251
231
257
235
282
331
232
186
85
461
100
138
120
393
282
478
186
28
313
233
373
451
420
167
150
114
9
449
364
139
345
52
475
148
151
251
434
489
109
499
339
144
464
16
47
83
262
279
496
195
162
77
78
180
356
113
69
374
463
498
288
321
280
450
11
180
73
217
320
1
254
193
224
63
126
250
135
240
107
318
321
499
136
28
138
470
277
274
378
300
355
110
211
143
467
387
489
44
298
328
300
109
252
493
3
240
300
243
457
115
162
27
283
425
374
242
237
139
284
400
257
498
340
215
279
122
164
419
386
469
448
459
428
490
237
470
498
84
459
192
458
18
377
88
94
72
396
53
395
109
189
59
3
460
193
126
238
165
154
93
243
249
148
405
363
86
155
345
177
69
81
351
482
425
178
303
432
411
429
240
347
93
81
498
34
497
109
443
169
159
156
357
332
359
53
351
41
446
347
219
329
475
386
442
172
157
254
257
291
152
121
359
385
396
366
25
144
325
276
353
475
202
438
34
402
169
388
31
288
276
400
190
268
476
61
181
73
295
273
169
148
286
402
200
345
455
57
58
315
62
349
51
246
206
451
259
337
105
266
260
277
70
442
62
83
209
250
421
474
381
283
284
244
189
41
298
287
101
312
167
169
197
314
221
99
127
396
46
29
177
44
256
412
112
300
43
21
472
228
477
406
234
415
111
471
149
461
154
378
174
109
2
500
208
326
367
371
138
74
126
275
476
204
45
139
168
282
309
447
87
402
38
18
330
153
325
221
287
170
133
448
305
209
481
145
447
191
462
294
176
149
170
318
72
390
141
148
198
159
117
119
189
39
401
114
97
131
40
377
111
311
42
395
10
72
281
100
338
126
207
305
115
271
85
230
132
136
301
372
188
467
376
169
392
106
389
378
162
270
239
244
51
148
76
255
307
217
416
120
99
61
424
32
431
29
492
250
222
219
146
162
494
498
35
210
273
152
132
176
382
91
1
245
140
208
445
3
427
180
264
411
473
74
482
413
304
165
377
432
229
238
18
430
234
251
386
430
52
266
498
355
358
340
302
220
73
178
106
104
350
91
237
418
428
455
379
38
459
358
339
270
495
63
447
13
221
7
345
326
273
351
115
77
78
270
40
467
74
247
434
156
18
125
190
455
427
362
61
230
198
302
470
282
304
341
127
269
72
312
267
35
15
95
106
218
253
10
347
73
494
480
207
124
241
471
96
33
102
131
21
458
173
315
482
8
207
446
438
406
231
117
325
94
107
69
499
409
328
295
297
216
264
166
121
426
458
190
191
263
109
480
95
303
442
209
164
142
184
391
150
457
128
288
45
259
480
99
428
280
235
251
426
49
370
85
89
166
108
9
335
246
209
179
254
48
279
291
257
212
233
83
238
200
500
109
162
141
134
334
130
300
349
216
17
258
97
314
156
115
45
34
137
313
134
432
452
236
299
320
125
248
326
5
263
404
149
42
350
383
34
478
307
241
14
382
466
81
468
143
126
124
93
410
267
335
73
424
211
23
20
453
85
429
113
252
402
446
366
456
114
200
71
234
195
391
49
102
405
2
450
285
75
364
360
35
265
94
100
347
159
433
287
100
321
200
8
178
188
364
22
458
465
279
214
459
491
56
352
80
81
320
110
268
176
253
244
468
36
441
278
89
434
341
403
387
215
23
316
33
288
82
357
188
109
471
45
55
438
381
48
300
354
240
454
46
150
300
485
378
348
120
214
293
225
175
419
418
464
249
350
118
23
121
198
137
59
244
403
485
197
66
386
60
312
301
117
158
454
264
404
292
170
28
71
361
377
334
291
371
378
134
460
393
477
407
256
361
378
318
84
143
197
369
291
21
22
60
441
113
447
393
368
40
208
395
268
450
6
193
58
363
438
482
149
10
11
61
118
23
477
366
231
273
362
15
7
371
167
76
119
296
401
307
196
290
23
264
3
183
147
419
91
408
406
357
474
382
326
291
145
20
71
230
89
163
92
414
426
184
59
215
461
251
67
229
462
272
425
131
33
303
163
114
196
331
23
261
17
22
254
352
242
368
468
475
308
468
244
278
149
420
254
198
330
27
250
409
429
396
380
106
418
426
105
335
458
187
23
233
352
466
110
122
135
91
200
48
72
440
174
440
166
409
461
22
362
494
165
209
453
230
23
139
233
192
155
280
39
173
497
177
240
265
432
255
474
473
351
100
6
461
249
118
113
386
210
386
125
400
233
55
426
279
441
81
459
334
49
84
219
271
404
129
261
115
416
432
288
481
199
440
19
152
184
51
72
71
462
379
418
353
358
476
320
88
428
345
143
358
401
129
114
132
356
422
62
353
78
355
19
450
119
274
400
452
436
299
157
24
206
63
91
411
2
25
386
151
311
60
435
451
152
209
332
63
491
150
271
7
423
195
261
59
412
433
420
309
159
500
290
350
495
280
206
7
492
287
158
368
98
145
163
344
383
318
50
334
170
398
191
137
438
494
483
361
282
270
262
201
80
430
1
285
401
20
187
332
196
289
150
369
463
490
13
457
201
322
410
262
6
500
402
355
324
265
179
358
477
392
436
499
453
269
468
446
287
269
264
354
4
7
371
208
321
204
499
212
49
275
177
147
378
177
50
164
390
49
164
387
154
95
463
285
104
101
159
443
360
263
32
28
220
277
16
337
370
471
319
209
127
247
447
325
481
338
395
203
176
152
408
261
101
201
120
200
360
209
309
101
21
279
28
216
212
260
40
415
137
247
51
188
115
243
243
236
477
388
77
268
362
43
61
270
353
184
49
317
256
91
384
161
48
451
353
180
235
98
435
450
485
395
401
1
258
121
1
193
42
256
264
447
217
273
295
466
72
12
83
454
493
125
479
360
467
120
318
307
294
443
301
271
435
215
12
211
280
363
324
144
130
331
2
72
366
297
117
216
222
385
493
361
421
60
96
371
202
212
245
429
354
25
237
422
474
445
473
83
97
217
204
150
48
117
365
362
55
202
488
448
499
200
55
471
191
98
228
58
173
438
103
20
197
7
167
169
33
465
296
359
361
29
381
494
153
37
291
477
493
45
173
245
448
233
465
13
32
95
66
88
191
229
365
421
69
477
341
270
470
211
317
213
327
89
461
186
418
433
443
282
378
16
40
289
179
159
119
124
76
63
282
264
375
81
71
54
468
6
102
321
212
479
142
444
33
422
139
286
325
438
244
94
175
218
303
289
254
125
267
387
276
370
474
398
131
500
161
405
368
362
38
334
215
374
157
434
68
369
288
269
298
371
338
433
67
248
463
104
409
234
113
49
284
242
349
10
359
288
283
498
95
191
319
64
372
393
6
405
475
232
366
152
27
441
308
2
482
323
245
90
195
306
327
427
241
275
7
494
19
98
221
122
332
260
361
53
101
474
475
324
20
62
147
341
323
94
209
392
57
207
389
220
195
25
45
44
88
308
329
70
356
488
77
47
114
45
354
486
198
222
408
477
418
145
413
498
368
103
359
86
143
98
43
124
101
141
478
185
112
394
202
144
211
324
86
437
358
80
44
60
499
307
134
126
375
173
361
385
497
160
237
104
393
192
118
221
17
415
439
473
199
180
440
500
85
457
493
396
410
282
335
305
417
453
407
436
480
194
306
104
291
92
349
365
282
34
27
237
141
424
329
483
361
160
488
274
270
411
215
498
80
297
284
143
447
260
175
134
65
283
489
31
378
152
29
243
491
302
410
210
425
71
279
481
438
144
183
239
175
190
154
35
220
280
403
257
97
210
238
172
227
39
399
107
79
183
280
155
234
261
27
57
94
307
493
431
152
94
457
131
336
139
68
41
218
161
121
461
92
252
300
224
133
166
110
115
189
390
260
70
316
383
227
322
433
84
310
287
81
394
195
428
441
277
350
500
144
355
198
351
364
11
295
221
293
145
396
43
301
232
236
441
379
26
320
395
43
474
393
114
189
430
377
172
402
299
52
369
7
467
115
326
318
313
86
488
345
138
96
258
456
408
340
426
377
331
166
237
28
125
371
42
280
479
472
185
81
46
406
341
228
288
455
452
62
46
138
260
176
310
437
6
482
423
47
444
255
461
99
360
338
341
19
405
167
23
40
308
200
481
492
166
45
382
202
2
418
148
210
75
80
304
284
90
353
109
122
193
412
413
203
237
232
60
367
265
367
134
139
321
432
242
92
374
272
222
44
296
339
385
412
251
158
370
49
104
464
261
124
210
202
109
319
139
349
154
390
410
201
310
112
127
304
270
285
112
98
259
126
301
35
317
69
226
138
124
427
296
277
103
422
304
391
84
52
268
415
269
374
73
73
465
326
445
263
204
414
145
85
233
305
11
449
55
225
81
423
300
170
144
253
241
429
154
492
267
247
363
92
444
341
61
332
406
290
285
130
441
375
126
77
273
416
116
46
114
496
22
488
202
204
370
124
122
311
443
120
168
297
37
360
190
460
314
255
341
40
33
77
290
251
81
88
86
189
153
217
444
186
38
339
477
245
66
391
174
188
89
66
228
454
193
474
477
494
249
15
427
2
379
132
442
229
176
348
432
332
313
234
45
343
84
418
270
344
371
274
287
202
175
96
392
327
237
314
2
408
290
481
478
350
393
259
468
346
363
99
217
497
183
164
440
424
302
229
102
465
9
92
495
397
105
424
468
54
76
272
426
233
253
499
95
138
189
23
59
247
154
111
17
9
164
249
392
167
401
439
159
349
462
445
300
59
70
175
37
248
33
363
372
212
224
299
146
332
55
55
121
185
53
89
126
446
369
241
301
8
109
187
351
274
474
476
338
261
86
16
18
443
117
25
77
180
369
414
332
356
142
272
358
462
302
210
28
478
184
60
334
100
130
177
191
244
362
433
258
468
354
240
183
317
316
449
361
168
423
258
394
204
432
343
247
367
45
70
347
360
433
162
250
333
44
386
405
241
180
470
105
49
282
84
370
478
113
144
123
242
102
164
76
231
328
39
176
107
439
277
443
178
494
411
431
85
154
372
423
494
79
436
386
352
248
113
354
59
137
231
50
163
241
129
93
318
494
416
301
102
134
277
20
485
105
235
355
201
129
133
158
484
293
88
24
162
168
233
277
433
114
270
262
91
94
497
434
323
281
52
312
120
273
439
419
231
78
210
340
173
80
218
99
431
139
347
169
328
222
368
255
356
234
224
272
48
8
297
378
85
104
449
274
404
234
23
277
315
295
147
120
234
202
461
16
371
330
347
23
119
440
122
415
199
190
82
252
73
176
2
128
232
318
216
458
367
460
313
50
373
47
218
491
447
253
314
247
166
2
420
237
476
294
131
34
41
332
389
99
213
327
475
358
176
211
89
158
75
88
172
364
156
266
136
261
486
31
125
109
140
413
168
111
84
156
179
162
140
148
192
432
353
373
120
64
153
418
236
102
281
378
360
365
377
225
112
464
497
386
328
370
236
264
176
466
233
276
4
153
275
133
311
495
444
438
378
347
340
261
214
359
170
51
500
354
260
44
456
234
275
18
62
226
89
194
104
176
433
345
357
16
293
278
481
460
380
120
353
84
182
45
107
121
123
307
48
44
100
375
368
230
426
94
475
11
65
328
436
476
479
275
58
400
387
387
352
388
2
407
26
471
78
364
78
32
193
229
51
138
360
181
193
47
481
318
400
329
428
445
151
359
162
143
121
417
266
212
207
414
361
300
158
81
42
80
390
17
430
79
179
2
436
3
400
138
20
116
320
113
56
43
284
431
64
365
95
86
83
401
232
435
152
133
113
471
427
285
18
259
491
337
426
84
190
40
468
489
369
275
386
359
152
138
89
336
81
144
222
297
51
370
65
390
416
488
137
498
487
367
337
375
324
478
77
79
449
113
430
437
18
186
19
119
217
494
89
381
268
303
80
379
445
423
151
164
78
45
56
416
329
362
320
232
100
48
163
129
103
217
392
185
95
359
417
493
406
276
5
57
21
35
84
333
420
356
301
475
376
145
247
157
68
478
381
32
223
397
456
427
75
363
104
488
448
18
393
316
280
447
268
344
477
366
169
156
103
290
405
315
214
180
459
77
163
101
423
233
480
7
65
457
97
219
164
379
97
360
110
316
276
54
324
466
256
230
83
344
192
286
111
266
92
173
492
206
342
61
253
378
138
94
472
410
169
438
369
71
109
135
495
470
260
440
109
462
451
61
327
251
452
400
78
37
75
349
374
191
273
156
198
474
309
410
280
143
406
77
438
137
491
316
103
267
397
325
377
24
116
20
52
195
13
144
450
301
29
350
70
320
350
399
324
474
440
370
200
190
160
104
378
477
211
439
63
371
141
187
493
362
494
307
115
117
181
45
85
388
228
218
9
199
348
393
344
448
204
244
457
286
360
322
296
372
391
109
481
113
288
276
326
368
179
234
495
214
354
115
40
11
498
229
327
392
244
419
172
247
117
166
183
264
476
91
80
265
478
114
406
226
357
253
330
455
235
388
96
151
136
239
495
31
53
160
380
327
204
65
432
46
363
40
138
485
428
459
495
327
141
226
38
275
104
265
429
232
96
46
207
113
456
28
252
374
187
285
157
147
35
174
494
69
319
246
290
304
143
99
219
214
367
261
94
224
140
461
482
401
414
118
290
260
412
352
292
240
187
439
94
219
213
415
329
181
203
167
225
281
284
458
340
122
482
293
449
115
215
465
309
430
179
277
275
375
304
253
55
252
301
427
3
394
348
389
134
231
416
221
31
382
470
7
26
41
205
217
86
284
477
179
249
483
490
111
440
113
238
434
454
329
441
360
120
489
133
33
184
164
160
127
27
15
119
365
365
409
335
469
295
411
321
446
381
395
195
362
166
372
92
129
62
204
301
431
33
372
276
236
241
105
334
306
491
40
307
387
141
6
60
28
375
467
20
69
91
432
183
279
415
298
27
379
367
308
20
188
189
294
111
317
109
35
334
451
498
336
467
277
346
242
87
188
392
119
387
39
134
63
192
411
131
44
19
192
352
425
407
15
320
468
256
86
318
347
489
399
207
384
186
482
270
177
381
492
191
490
41
201
88
242
41
14
282
210
117
32
7
391
334
140
204
164
450
205
324
353
48
176
353
230
304
106
268
201
157
187
23
59
8
181
350
363
130
418
251
235
87
77
235
150
288
481
469
368
403
98
250
389
375
29
355
23
98
251
57
264
132
305
239
347
213
101
444
365
362
313
42
208
59
72
66
444
93
144
234
408
163
391
271
428
467
174
271
432
46
35
497
320
391
172
249
199
416
194
463
196
301
156
132
444
261
302
304
430
253
364
456
450
453
355
489
342
261
386
391
172
62
282
111
173
7
18
102
393
323
47
107
265
302
8
158
141
400
307
249
206
270
58
259
71
200
158
144
169
481
276
441
181
215
377
205
269
91
169
210
288
77
147
455
385
33
498
316
494
473
70
361
488
51
204
111
306
22
38
461
327
309
332
477
131
172
329
36
167
222
224
350
100
410
299
283
212
151
64
283
375
224
449
154
301
88
24
11
139
186
447
84
339
394
80
342
173
325
356
244
288
86
176
219
298
479
362
374
332
5
273
75
247
13
76
461
229
241
62
123
469
388
249
174
412
84
101
231
482
478
435
151
416
132
247
27
195
444
307
365
342
285
412
219
449
157
361
115
84
82
270
373
88
368
326
408
472
55
369
307
160
395
37
161
14
236
338
109
437
182
333
317
68
106
67
403
37
19
399
4
27
354
231
350
54
435
409
333
308
500
14
392
336
452
360
37
210
455
75
46
254
221
417
18
42
494
19
114
460
400
50
151
367
464
493
99
323
50
101
169
376
91
325
92
311
378
123
45
418
269
40
238
389
28
276
211
76
498
431
421
424
400
233
247
87
67
424
241
461
63
322
78
496
125
426
393
449
422
97
471
102
247
50
46
98
278
396
261
173
134
273
50
289
80
92
78
1
76
442
266
413
17
422
158
377
177
6
467
485
322
200
406
105
392
60
137
289
235
463
268
152
274
1
318
344
215
154
241
455
52
256
53
453
458
66
114
372
102
293
60
179
72
89
36
145
316
404
116
470
86
96
222
184
312
36
283
7
115
213
397
180
106
302
217
378
253
419
14
390
166
241
357
404
459
4
382
292
164
158
340
75
171
487
180
436
298
319
156
70
316
400
239
204
104
112
122
379
437
92
444
161
56
139
148
361
52
165
431
262
186
126
302
330
15
72
500
65
250
293
61
12
475
316
327
350
167
374
325
471
9
202
468
461
370
96
487
358
155
395
157
395
447
1
58
107
171
30
395
41
87
381
92
72
379
90
469
105
143
490
238
135
21
378
123
453
231
362
30
6
201
498
468
363
471
139
198
120
389
34
248
44
311
159
47
460
70
499
423
344
466
286
145
304
231
119
416
140
438
54
77
361
30
10
161
341
414
97
459
257
325
156
270
471
373
57
392
434
248
422
100
206
274
243
428
282
426
220
175
200
161
100
215
442
300
396
24
439
102
11
439
388
424
471
265
40
12
64
312
28
118
276
248
328
494
17
29
484
166
267
452
413
150
310
451
443
40
315
464
356
227
412
74
141
366
206
204
457
378
244
119
187
440
426
48
112
373
220
433
47
396
344
339
163
212
5
5
297
22
49
66
323
382
436
259
488
325
180
446
360
270
33
488
4
497
195
418
403
432
429
462
426
442
7
110
100
479
193
460
375
194
479
259
70
199
436
154
352
303
336
180
237
279
177
254
474
120
350
294
262
142
341
320
147
340
444
456
449
10
367
406
111
76
479
401
109
375
42
42
184
473
87
409
131
4
328
52
315
410
342
151
354
331
460
451
162
167
381
450
339
153
18
84
485
216
396
222
360
81
318
35
253
421
1
314
33
465
417
411
383
349
400
450
260
117
3
191
276
220
304
47
218
486
120
331
80
158
33
125
219
351
455
34
179
135
451
63
372
485
31
312
286
26
422
369
403
281
452
279
319
230
107
499
130
113
467
165
440
164
226
252
271
256
34
301
308
193
273
207
5
319
368
396
231
136
115
442
326
13
192
441
193
428
424
210
246
462
454
210
342
83
1
295
400
423
51
231
351
204
92
341
239
437
144
301
211
392
277
10
166
377
340
227
25
400
399
370
391
41
412
273
183
316
182
41
25
329
469
464
204
391
265
479
365
461
392
285
64
268
251
98
109
310
381
57
347
30
363
126
16
309
260
7
424
187
134
398
246
387
237
24
272
33
179
87
68
236
334
119
98
345
292
389
193
3
54
47
381
397
244
172
371
58
183
418
483
207
267
16
3
355
88
331
369
114
159
145
205
45
181
412
72
72
397
410
430
334
411
388
124
241
271
165
174
304
457
73
318
439
270
379
241
276
163
25
388
359
395
424
486
132
9
49
192
10
375
193
251
453
225
161
36
462
393
106
353
107
348
8
416
409
418
378
400
196
443
427
292
154
283
356
201
94
273
463
282
483
117
161
20
37
77
326
166
35
470
156
440
159
394
34
198
380
187
217
81
487
201
128
421
497
210
236
446
415
277
368
401
163
446
442
254
100
305
197
395
237
228
33
157
10
210
328
103
82
348
491
324
320
420
378
168
396
197
462
426
201
204
73
27
263
44
418
77
181
136
163
297
170
101
250
168
430
310
487
188
408
66
78
379
308
394
404
92
85
122
218
440
379
193
361
171
60
145
151
413
250
269
258
90
337
274
83
31
71
484
277
300
251
166
487
337
56
358
448
493
417
384
76
27
269
379
59
175
371
284
109
288
183
439
63
40
475
299
206
498
424
331
415
140
62
158
180
89
473
229
480
452
463
333
437
358
200
71
253
177
288
366
227
490
388
103
159
105
432
393
110
146
439
177
468
404
430
265
160
419
4
380
179
296
245
49
24
241
475
397
302
432
496
63
164
389
291
279
379
149
146
441
475
258
75
7
69
180
66
453
489
104
41
487
101
176
304
275
67
314
46
320
250
192
270
149
73
328
10
310
68
488
51
426
330
71
426
374
158
60
154
196
86
378
70
479
301
452
32
32
187
190
332
298
293
188
272
232
423
161
274
474
466
324
27
69
493
172
195
346
239
265
28
385
97
291
117
258
40
449
319
398
56
53
213
336
235
337
174
395
116
167
69
361
382
260
323
458
352
132
47
285
280
305
82
498
175
221
344
339
141
75
20
436
177
463
277
374
258
70
56
440
380
131
125
431
5
148
287
475
285
271
231
147
272
66
486
39
461
338
189
148
490
220
78
468
72
458
468
436
151
496
147
130
256
189
434
36
375
25
119
483
458
313
491
485
47
14
25
337
414
163
234
49
78
359
283
378
443
276
471
230
438
174
123
42
383
178
126
414
153
139
379
470
358
82
326
172
147
339
213
441
225
372
5
459
15
390
88
345
93
120
91
268
175
85
305
276
120
421
89
208
153
316
252
306
482
196
64
410
181
126
398
159
90
119
466
319
223
375
136
247
329
417
407
240
368
329
419
287
30
397
109
469
19
443
102
498
179
500
81
341
367
294
111
142
233
321
162
15
222
346
160
55
239
101
343
478
424
36
287
140
247
195
460
333
211
474
407
417
8
257
18
231
191
314
231
116
147
441
109
263
452
429
472
78
196
500
91
214
131
163
53
44
84
26
440
165
329
276
456
210
218
376
219
346
130
40
144
480
427
14
225
61
115
405
178
436
91
294
33
344
390
497
168
115
380
434
374
252
289
147
257
22
197
433
409
327
123
498
248
320
419
117
420
65
341
487
193
6
302
329
2
294
82
57
60
392
398
27
22
91
240
242
396
190
176
359
86
88
133
494
45
430
194
135
394
104
495
220
105
459
55
246
27
179
114
393
195
86
366
19
260
186
376
137
52
188
353
297
453
44
231
188
250
477
252
350
409
153
346
258
241
348
249
323
420
326
234
130
396
70
382
384
43
100
154
271
456
183
415
134
481
448
459
372
413
229
324
176
19
222
239
410
227
118
237
430
317
448
370
187
323
36
408
31
408
480
293
100
277
169
77
89
464
381
379
248
79
316
387
357
462
319
234
79
217
402
442
455
443
335
357
374
128
246
478
196
150
397
96
90
101
302
77
423
286
373
311
411
303
358
481
370
194
44
342
86
296
166
216
255
207
150
122
141
411
461
387
475
82
463
209
165
286
11
220
184
456
137
187
456
37
53
333
331
414
78
358
57
436
281
330
219
260
335
182
351
111
458
377
12
190
372
260
277
140
320
343
308
218
410
290
180
89
422
489
345
259
487
48
110
44
39
282
47
174
271
168
311
225
359
299
328
478
173
474
375
458
111
317
434
469
203
29
399
462
271
420
147
481
158
77
96
64
451
86
184
375
152
231
28
82
335
169
422
362
485
279
205
194
99
220
145
388
198
498
243
237
110
282
240
341
252
316
491
390
37
358
12
117
361
436
121
67
404
339
383
155
265
287
400
429
354
31
142
170
106
382
364
221
62
351
488
162
397
44
326
455
37
203
423
237
463
346
99
271
98
133
482
128
31
164
358
25
270
294
57
475
353
223
329
194
83
277
442
193
382
116
427
239
323
123
354
310
471
86
334
281
292
41
133
304
207
274
383
107
306
277
324
219
390
58
162
484
432
436
137
269
262
110
185
326
140
384
73
289
470
38
276
432
128
141
339
83
167
118
388
217
191
322
358
459
155
188
450
357
473
178
300
239
12
101
143
98
271
235
174
103
189
29
1
105
338
216
492
498
38
248
491
286
176
178
218
199
376
140
421
390
284
439
60
429
458
117
478
31
285
216
323
399
415
401
25
109
84
167
349
214
301
480
223
129
205
416
257
464
328
86
211
56
38
231
33
311
1
151
21
176
93
139
72
131
182
260
193
215
183
207
405
75
351
387
466
461
331
344
105
208
53
394
242
218
293
298
47
495
324
182
377
8
26
131
496
363
2
227
183
272
23
477
324
200
247
293
360
344
400
150
393
149
470
61
430
357
388
44
193
241
96
191
254
207
422
118
277
279
480
95
68
406
158
102
448
475
262
255
449
226
193
279
110
10
186
29
397
403
275
245
343
482
340
322
212
333
461
290
72
111
304
66
370
255
187
27
483
23
470
82
499
51
413
344
480
243
394
378
362
133
345
467
46
287
290
413
167
4
336
120
434
426
490
413
25
446
173
45
464
428
413
133
383
90
271
421
94
493
419
272
404
187
213
358
79
270
281
259
486
112
103
97
182
244
299
452
44
407
231
48
68
107
124
123
241
19
362
433
90
489
167
12
268
165
126
36
43
257
296
377
256
279
141
391
222
429
342
267
13
356
476
121
56
19
65
484
259
297
368
266
475
191
283
53
316
185
356
359
30
447
466
428
94
157
212
202
51
139
189
497
214
135
22
7
8
50
319
25
455
198
149
251
220
30
447
496
70
352
342
466
143
226
439
99
287
201
207
95
349
352
446
81
133
210
476
360
65
458
93
146
314
33
420
445
474
177
219
388
372
382
276
392
421
260
239
220
358
377
404
465
231
488
286
176
66
262
40
289
488
474
51
212
333
405
431
384
422
379
284
301
62
168
486
256
161
277
173
323
294
205
132
69
357
227
423
20
151
41
101
59
103
470
135
77
328
208
303
71
400
388
83
123
408
443
204
292
158
366
263
348
229
191
441
328
248
418
381
494
307
70
327
365
230
128
439
346
144
348
285
453
41
77
378
321
487
368
28
297
435
205
462
332
289
419
39
85
97
248
153
191
310
71
140
145
215
456
295
310
299
8
115
9
45
348
281
283
3
321
314
291
379
67
229
30
378
379
142
289
331
64
389
5
408
298
492
108
220
232
192
196
132
225
208
302
235
20
77
239
380
11
398
134
224
95
66
265
420
423
27
236
459
140
402
44
166
123
138
253
198
54
454
207
467
186
174
308
127
211
172
242
276
156
496
278
309
10
457
310
214
45
143
123
98
68
323
90
73
240
31
379
238
346
147
59
359
373
161
429
220
438
392
302
196
324
491
215
439
51
314
152
246
371
370
157
362
204
266
88
348
168
408
164
177
201
493
102
50
348
21
292
103
264
378
196
363
137
72
98
143
59
31
361
498
137
459
25
387
386
313
326
368
110
91
219
47
383
222
65
142
287
482
342
256
368
294
7
201
257
17
244
466
113
372
281
55
330
338
115
293
488
110
370
473
23
193
373
470
83
176
294
154
434
278
492
117
428
208
180
286
182
332
161
68
442
55
395
296
458
415
1
330
103
441
152
49
45
180
60
262
299
293
121
321
7
446
280
205
351
233
225
442
489
296
310
345
1
20
388
461
324
315
287
311
40
93
177
60
433
205
415
186
433
142
185
440
213
35
470
93
492
80
432
321
154
13
475
285
129
84
221
91
36
189
225
170
211
82
78
456
109
452
455
238
205
491
360
120
102
347
47
444
188
327
228
187
271
303
79
407
136
117
383
243
30
84
498
396
247
371
73
21
76
378
137
79
136
53
53
261
104
58
385
444
67
375
227
365
376
373
386
376
366
196
499
16
389
450
120
14
475
225
53
168
381
191
296
253
396
348
371
481
290
483
499
136
289
47
52
379
86
93
91
286
274
219
464
144
246
162
230
8
410
474
112
233
31
397
242
448
401
73
166
36
40
428
158
95
323
355
217
438
448
76
166
257
447
2
475
159
175
283
173
260
168
84
226
124
397
480
238
87
348
157
170
91
479
115
373
438
50
22
460
461
448
49
446
99
326
110
43
231
33
88
75
91
408
375
472
340
46
52
385
1
417
170
437
7
122
392
105
350
44
414
216
155
419
229
41
54
492
308
141
29
197
88
196
197
94
179
150
50
280
89
68
102
6
428
305
17
41
413
348
47
79
405
389
100
366
419
474
113
305
20
267
243
242
3
36
285
484
385
489
119
173
428
35
278
336
248
328
103
93
430
12
116
390
225
261
379
324
376
334
209
59
158
65
352
343
21
437
326
489
108
113
310
199
269
193
130
340
361
139
10
342
215
172
53
115
52
263
3
106
173
18
480
344
315
265
210
336
142
28
65
330
175
378
148
105
148
271
243
29
243
179
63
364
91
279
108
408
446
288
219
321
182
466
123
478
221
256
379
96
443
203
31
298
151
306
353
465
29
335
231
482
44
403
109
127
63
199
403
13
403
197
484
473
489
97
361
133
284
88
226
250
206
417
294
227
128
215
23
105
119
16
138
236
84
485
159
219
362
331
137
256
491
93
71
450
104
37
394
438
270
275
352
432
435
124
113
60
80
452
102
336
415
147
443
311
240
314
249
390
483
408
218
144
398
21
89
194
414
369
316
71
465
260
322
477
411
138
73
417
286
210
437
8
413
104
74
207
421
410
497
337
47
82
445
42
52
230
131
101
123
342
325
194
491
102
322
234
220
162
344
128
65
84
10
64
109
320
220
131
431
35
267
448
278
436
238
360
273
124
393
243
256
469
189
78
171
15
353
366
44
6
352
251
121
262
210
142
324
22
173
491
42
186
435
240
46
492
174
199
312
260
198
485
131
94
60
314
482
278
155
448
159
242
45
427
297
360
125
276
177
476
52
60
254
186
51
114
290
251
144
266
420
175
328
376
174
496
302
3
496
339
338
12
411
152
76
140
167
152
260
395
169
296
283
112
389
203
88
153
402
458
431
464
402
208
155
172
246
423
52
282
127
61
53
348
440
492
470
250
288
254
475
20
90
327
95
45
224
153
239
175
187
444
195
96
68
230
192
416
151
422
473
2
318
458
4
64
362
403
413
165
163
77
143
205
472
269
165
478
412
478
208
67
247
175
27
382
246
85
166
402
84
292
20
198
176
44
48
258
155
317
88
189
413
262
127
110
437
69
9
349
269
102
14
452
471
494
52
282
220
269
379
201
154
275
208
265
146
244
439
119
359
156
355
31
480
239
113
249
202
379
294
214
480
21
107
223
351
221
271
237
415
443
15
144
39
495
171
77
355
141
298
121
469
75
249
381
476
121
344
9
458
453
164
437
293
333
343
344
244
132
101
243
496
227
463
230
162
415
297
58
42
204
128
376
493
135
205
110
395
267
156
331
54
99
75
131
416
59
128
374
499
74
332
64
122
470
70
46
49
399
70
52
239
41
297
74
454
175
150
227
343
18
337
367
57
210
341
225
178
295
226
352
1
267
271
372
445
126
384
64
20
203
87
408
246
202
463
391
328
448
321
205
140
5
106
228
398
54
339
84
236
28
319
120
107
266
29
234
21
440
475
20
434
315
389
235
486
371
323
484
278
342
480
160
384
319
11
46
390
15
58
35
187
61
21
296
491
464
131
116
468
457
499
333
279
426
365
122
363
120
100
233
231
232
231
336
116
248
436
221
280
12
283
161
240
480
43
469
392
201
24
88
459
317
188
160
5
407
255
332
492
461
103
169
165
377
99
155
74
326
110
120
81
490
357
195
40
69
363
30
299
484
429
250
92
229
23
277
461
281
251
355
469
64
485
247
97
298
387
276
86
399
39
436
268
32
108
332
112
325
59
56
438
160
491
488
201
482
56
161
499
331
205
106
477
262
469
222
43
118
380
216
301
272
360
270
381
481
285
197
52
359
76
131
350
292
434
174
390
90
265
179
129
354
383
298
227
486
414
100
189
216
456
483
275
170
443
351
492
475
409
240
295
114
225
275
315
266
273
268
130
84
366
325
393
98
197
115
487
491
498
321
393
18
160
45
302
207
340
176
2
499
471
292
188
196
282
490
317
393
470
69
328
375
388
43
165
271
286
439
18
6
99
182
74
82
31
180
494
367
367
400
409
324
52
264
139
358
115
69
130
110
270
321
281
481
382
31
304
93
248
126
217
254
28
90
221
180
358
414
418
384
427
413
429
105
430
16
23
269
245
180
158
196
117
324
77
171
427
457
497
166
30
25
174
93
451
289
115
5
323
362
157
291
500
25
140
183
179
194
348
366
201
341
493
146
477
230
225
120
392
420
229
211
321
358
408
16
252
441
228
490
362
351
185
387
48
73
48
302
124
372
169
381
416
375
162
403
215
256
72
463
231
132
398
30
78
319
275
438
104
66
360
142
346
97
303
317
261
154
171
33
335
347
198
257
244
13
159
178
467
137
143
179
104
425
434
279
421
273
242
319
397
402
216
344
151
1
5
468
58
128
436
207
382
138
79
143
126
52
153
196
354
134
487
233
195
184
61
199
420
475
291
352
123
473
137
244
257
149
237
5
223
68
489
212
198
286
43
131
7
343
350
157
324
288
449
12
219
484
375
260
217
461
159
165
206
4
111
94
99
140
363
156
105
98
312
181
360
203
466
491
66
221
363
215
66
370
428
429
299
415
174
346
49
168
382
138
317
497
286
12
354
94
58
20
296
480
60
132
244
123
106
246
25
374
261
204
292
433
16
397
132
281
394
78
407
342
242
19
439
257
119
17
476
54
116
191
429
81
262
369
426
159
275
81
164
308
464
314
500
48
20
12
116
108
177
258
464
90
442
335
458
286
482
188
260
96
367
212
253
241
382
278
194
382
99
123
365
172
236
207
268
469
484
326
394
25
340
104
193
427
144
265
190
475
178
111
139
355
224
366
43
421
143
4
379
164
2
82
443
333
109
302
370
478
171
399
97
294
448
464
305
307
407
475
396
443
174
452
343
427
331
322
210
317
51
77
205
107
361
108
17
166
148
102
118
246
333
125
71
272
51
122
36
308
40
262
248
75
155
91
470
417
321
341
320
48
68
160
114
434
110
116
284
338
10
478
410
74
87
218
38
450
114
340
415
388
413
337
308
337
160
219
171
51
59
284
251
203
32
39
66
414
37
100
226
495
334
226
32
316
93
31
385
106
339
387
380
456
451
293
224
421
466
457
196
420
202
10
209
287
95
377
208
244
312
404
78
499
196
272
289
204
134
314
358
159
69
150
189
352
51
202
357
349
15
37
295
137
56
86
314
133
93
196
375
464
468
230
160
56
26
440
273
299
478
183
51
400
112
25
397
355
294
210
369
390
90
263
85
5
469
77
488
250
471
391
336
158
176
168
204
84
90
183
242
312
435
99
425
332
316
212
480
259
393
81
443
409
193
418
429
114
313
491
200
335
389
286
233
426
179
220
229
262
301
403
14
203
158
296
159
147
174
341
317
66
360
284
494
404
408
212
463
133
473
479
148
482
451
103
381
214
144
3
263
437
111
197
312
29
96
85
228
52
315
472
440
208
493
100
66
291
33
478
266
250
222
456
61
292
148
383
1
490
235
45
378
275
443
134
460
134
491
42
49
328
437
117
280
498
123
141
143
23
393
54
419
387
324
385
56
127
133
271
190
45
351
187
305
164
272
385
207
137
107
234
309
256
141
184
412
478
50
216
458
429
384
26
458
156
94
328
402
356
432
91
26
363
390
134
296
91
330
215
487
211
113
404
307
8
379
123
294
201
79
350
414
54
118
329
354
147
136
165
237
134
293
449
446
148
115
447
276
188
186
453
98
141
325
259
435
248
317
220
414
174
216
45
303
152
236
171
331
19
438
295
419
344
104
25
206
175
2
79
381
138
348
92
210
446
174
494
238
234
420
362
464
268
386
388
379
308
418
139
234
172
256
453
273
193
487
4
122
81
259
396
168
144
122
480
449
482
376
233
1
158
76
493
445
426
424
149
455
150
376
288
340
111
194
445
36
158
42
262
204
130
5
233
74
113
18
472
167
431
1
132
18
394
271
185
24
255
451
287
2
20
148
454
94
194
233
348
124
418
201
290
78
211
286
253
425
386
458
258
250
183
338
143
185
247
315
244
255
357
257
462
70
450
451
313
448
357
486
191
398
180
405
394
13
114
485
332
115
64
367
326
171
101
271
276
161
29
318
346
85
268
490
160
49
121
211
126
118
399
414
300
76
255
90
254
370
162
416
327
339
490
19
165
69
172
21
127
293
308
469
289
145
1
370
71
432
48
281
17
361
151
485
422
41
293
189
105
234
147
295
242
451
132
343
476
155
156
338
472
59
440
353
466
207
60
77
258
342
182
432
177
74
461
486
79
494
53
327
267
5
441
64
167
156
67
462
161
384
32
61
92
474
97
298
418
294
188
464
434
396
231
474
250
10
151
465
120
130
301
169
238
266
73
387
345
438
411
216
69
315
450
387
449
487
116
487
76
458
153
444
44
413
157
315
234
450
429
20
387
237
81
367
25
483
297
298
33
201
393
428
174
396
448
434
346
194
117
383
128
1
160
444
464
231
303
163
313
292
7
10
287
98
215
416
421
238
143
235
20
10
206
405
142
226
141
491
152
408
41
448
126
127
343
285
107
461
79
174
420
165
240
314
187
373
454
491
433
453
33
414
100
459
223
288
82
192
340
458
86
455
314
205
77
470
363
362
422
351
33
126
18
42
401
30
319
376
366
35
462
22
243
448
307
178
219
425
41
80
446
333
119
400
368
267
47
44
254
56
427
366
478
270
446
437
283
224
194
489
249
245
425
315
494
70
4
322
98
195
461
144
385
187
58
87
144
142
471
255
492
118
467
138
358
341
72
322
92
184
133
122
499
459
384
324
496
48
83
390
184
36
199
21
427
152
298
145
155
283
111
335
303
397
24
61
300
284
180
383
293
108
498
163
311
368
319
327
295
163
26
437
339
475
67
80
183
497
97
210
388
214
336
490
56
426
19
167
347
47
442
236
362
342
16
4
155
473
471
322
277
332
458
33
200
83
307
452
345
226
160
178
97
92
106
195
479
117
248
79
210
428
3
49
467
146
489
235
461
441
211
382
212
99
444
178
454
244
12
184
330
192
97
256
433
226
191
332
244
281
34
471
261
383
76
370
117
243
89
388
128
202
106
125
14
22
50
204
52
243
184
125
123
422
7
496
50
491
283
470
77
262
289
6
321
451
282
271
442
369
54
465
49
465
237
113
494
99
116
353
275
263
333
135
242
231
116
325
163
353
212
478
208
382
314
448
423
129
277
499
388
45
275
460
209
8
462
236
477
78
48
106
206
39
60
89
493
312
170
424
436
427
137
300
247
375
112
415
239
421
5
61
235
30
272
144
272
399
245
161
184
266
211
48
173
45
418
320
248
498
443
86
40
317
113
461
279
423
251
398
81
327
35
326
257
166
223
208
48
167
48
31
444
4
311
254
310
449
422
69
224
171
499
493
211
430
469
226
72
383
374
417
368
100
362
282
191
459
116
467
294
253
202
334
124
174
307
387
216
188
114
136
290
418
233
174
371
262
239
244
100
392
83
398
253
334
214
51
190
49
456
478
84
181
291
115
403
194
450
73
321
271
373
420
476
123
369
132
89
227
368
441
39
288
160
397
185
16
483
455
471
394
396
199
113
69
154
382
28
63
114
16
224
273
122
237
274
378
361
319
223
275
105
35
65
170
226
158
50
376
175
485
471
440
89
144
261
482
384
264
328
191
284
441
251
234
233
395
232
207
422
193
441
372
376
264
245
72
483
444
269
463
368
212
9
174
88
173
344
170
89
283
383
269
31
476
30
241
383
107
218
465
21
199
134
388
489
444
55
275
331
85
214
111
323
52
371
57
52
454
261
283
239
371
226
429
183
28
468
254
468
175
337
6
339
453
125
188
168
30
74
141
67
453
63
378
34
39
145
113
197
269
246
133
470
213
193
369
180
185
279
473
330
319
337
236
251
157
64
189
232
471
63
78
54
407
273
206
172
375
120
17
64
410
68
356
328
170
386
362
41
400
27
208
418
489
333
242
373
155
373
150
175
139
125
389
115
322
442
382
436
210
133
14
444
449
419
230
468
9
31
251
449
78
115
480
136
319
319
242
306
472
329
42
235
138
287
197
305
112
492
140
453
485
279
463
68
89
391
19
17
34
297
368
277
234
172
250
142
288
78
406
457
43
236
359
470
82
69
208
8
164
169
450
138
162
294
231
257
181
13
454
55
105
186
347
233
117
90
161
134
303
443
71
268
485
11
347
288
66
469
93
381
398
53
383
229
57
71
200
7
34
500
153
200
150
67
227
495
289
410
141
66
273
29
17
142
312
340
316
438
124
102
232
373
83
348
276
125
147
412
197
156
259
296
97
352
470
439
428
95
109
47
199
381
414
468
246
47
142
13
27
184
7
58
272
362
315
106
256
476
418
235
338
217
236
451
343
255
18
173
190
142
205
105
62
187
455
393
202
127
16
437
321
470
386
348
49
371
51
151
35
161
407
390
366
323
451
66
194
356
195
357
73
482
480
319
168
145
331
466
173
211
272
344
146
170
136
389
141
394
381
45
74
136
421
114
20
371
111
437
500
214
123
35
216
162
158
298
323
18
344
205
312
144
179
319
250
282
367
176
342
487
156
22
213
168
240
425
91
129
7
325
340
160
465
206
132
294
92
414
340
194
226
16
226
426
157
455
192
208
336
145
468
172
4
30
66
329
94
482
42
120
57
489
140
439
388
42
258
300
257
460
15
60
74
327
311
50
276
156
124
438
107
35
332
385
172
157
216
478
463
62
169
219
352
33
20
41
91
395
40
184
144
143
133
466
351
145
61
127
334
270
391
178
119
319
211
444
254
271
85
407
454
424
403
63
202
374
390
24
434
72
179
411
84
405
318
70
283
298
486
217
327
112
304
86
479
485
97
69
249
227
24
207
473
166
282
449
251
197
287
60
25
243
310
431
299
264
366
35
12
90
242
55
329
445
95
47
216
110
355
148
364
129
453
70
345
41
496
270
29
378
17
468
454
178
147
459
43
409
207
123
40
50
48
193
18
112
428
493
214
490
304
341
440
61
124
429
166
366
423
145
130
188
420
5
256
380
192
135
452
479
408
211
260
444
88
359
183
385
318
415
399
225
260
34
36
217
65
339
42
348
119
314
302
190
472
2
364
271
110
96
244
353
37
489
219
318
174
5
436
7
97
280
153
135
168
420
181
17
72
151
185
104
469
482
440
332
11
140
21
500
369
208
207
426
106
107
443
89
140
186
82
82
276
1
84
280
353
237
45
181
314
438
283
258
201
321
390
80
267
135
384
438
280
144
191
230
81
309
209
404
301
325
460
358
364
129
76
2
293
275
187
479
312
350
234
499
236
495
471
69
162
387
3
470
231
234
207
7
105
292
279
196
441
287
466
298
270
160
498
441
249
251
303
388
446
382
346
464
115
222
298
374
360
328
294
468