639
224
170
391
460
846
534
72
354
928
415
369
851
798
351
777
49
591
159
938
209
409
561
413
270
766
207
615
941
411
27
505
23
260
168
830
426
199
809
630
235
17
340
370
807
530
185
643
169
211
401
2
588
162
514
534
773
394
109
700
477
942
153
19
802
105
498
37
498
855
86
358
425
8
636
335
283
300
218
427
103
532
550
517
538
577
555
964
763
653
363
261
960
741
159
237
522
160
856
719
600
378
528
288
870
513
122
137
774
963
661
418
240
849
286
671
844
585
68
506
512
148
747
926
153
358
286
555
408
919
412
333
713
332
542
227
690
103
363
34
942
441
182
868
582
53
888
60
909
530
419
397
920
796
798
255
714
378
625
335
517
854
539
917
874
457
426
439
259
14
929
742
504
26
759
309
63
160
919
390
192
746
453
917
202
862
776
72
229
28
986
688
155
694
679
973
804
74
980
577
475
207
843
606
332
703
628
242
599
901
732
634
205
97
575
315
885
482
339
394
654
262
963
791
100
557
416
266
461
202
698
24
175
637
653
738
672
43
994
299
807
183
473
512
929
554
520
388
193
436
249
450
926
353
995
779
881
600
102
927
286
304
439
893
579
305
27
861
934
579
344
242
164
652
214
378
711
572
612
371
91
937
838
923
345
346
301
695
759
113
788
272
519
287
137
623
469
533
445
809
661
997
426
312
183
693
299
445
398
890
363
186
922
8
506
860
264
489
550
132
263
338
614
817
434
19
186
678
692
150
544
89
496
381
700
737
359
977
201
224
798
364
167
481
475
157
319
48
263
657
417
269
510
272
784
152
438
618
759
455
493
439
481
426
275
364
576
686
863
336
86
783
539
571
634
242
577
761
529
43
264
329
606
113
342
642
157
234
873
375
232
826
863
53
495
710
569
849
119
801
376
990
876
861
983
91
428
521
586
281
268
765
825
845
114
719
791
451
112
791
959
777
101
68
253
2
605
649
553
240
194
803
171
870
568
215
838
924
288
497
429
526
979
897
960
227
124
670
832
209
673
841
961
777
124
581
336
866
841
311
820
560
691
618
906
208
69
916
111
775
468
263
653
423
316
110
137
145
694
630
962
604
769
394
743
965
371
4
90
114
9
201
925
207
499
479
996
924
398
431
116
923
617
325
557
232
161
73
943
629
375
775
68
938
899
475
87
727
63
124
157
449
105
826
874
685
793
176
561
154
673
997
23
322
447
663
845
280
605
318
155
811
225
100
809
22
739
449
767
843
663
582
594
325
228
351
356
101
392
125
865
3
173
293
486
58
134
510
309
686
90
612
800
469
812
224
723
362
528
592
280
945
421
226
216
368
745
953
527
216
342
283
9
396
914
185
526
343
232
730
373
936
813
10
856
552
81
720
614
937
701
62
8
163
656
924
375
891
969
234
657
606
772
436
126
20
199
295
711
522
495
916
621
641
586
965
603
776
305
846
23
858
863
483
703
777
68
181
489
857
970
926
790
391
174
313
137
533
353
973
806
638
12
407
750
485
749
772
683
142
731
554
519
779
244
603
153
567
555
148
606
726
950
817
429
396
341
571
123
825
979
716
712
236
705
55
647
172
367
651
737
37
944
164
23
610
501
329
881
972
82
19
924
269
334
630
759
611
810
989
127
219
622
274
412
593
183
875
982
968
8
887
799
743
559
524
353
370
400
831
809
629
991
184
575
727
65
899
325
561
924
379
965
238
436
300
962
336
481
459
724
845
488
231
474
524
115
217
672
861
75
481
764
454
494
723
665
247
886
838
965
178
66
574
436
66
658
708
610
600
716
322
323
226
920
845
491
261
727
821
989
600
761
154
690
836
767
32
229
391
798
195
517
371
401
315
601
946
417
331
755
552
283
586
884
337
277
69
682
107
841
573
684
505
62
849
529
286
713
86
252
158
910
1
706
382
433
41
688
806
507
185
852
873
669
91
321
724
643
353
500
736
521
810
601
20
250
89
254
760
440
548
805
539
979
207
924
105
133
624
487
965
736
232
650
162
29
868
162
790
85
241
180
863
388
577
683
336
921
737
364
169
524
210
448
664
968
13
837
678
797
477
791
653
547
517
117
504
303
447
921
947
594
340
800
509
238
756
946
794
739
878
593
532
178
489
347
671
576
614
251
625
504
586
772
641
673
17
898
875
309
437
917
592
302
940
907
547
451
949
127
566
180
94
113
925
87
628
437
45
973
647
603
718
960
865
358
352
568
851
170
636
395
423
828
926
714
623
595
638
186
979
455
431
700
32
350
303
215
921
539
890
178
407
780
47
976
904
642
580
768
159
272
67
86
743
112
514
210
346
330
161
197
377
99
588
205
937
847
177
670
948
84
586
153
999
983
860
449
476
436
915
43
113
202
897
99
171
343
460
696
388
869
351
733
10
465
932
750
787
583
993
861
36
291
46
632
659
542
23
260
214
308
502
704
814
780
175
673
902
489
1000
639
806
127
940
384
653
210
122
250
135
152
484
467
737
588
332
428
42
285
302
69
474
299
473
171
780
998
627
120
329
833
962
142
317
116
520
396
657
654
610
314
396
274
103
74
672
683
905
224
356
170
880
316
435
596
142
859
695
400
814
812
538
80
924
721
175
15
113
704
913
173
441
293
123
143
493
8
478
442
833
550
635
838
246
276
818
170
970
263
105
458
283
417
16
496
915
3
848
763
617
7
31
251
859
432
772
367
709
234
282
759
102
397
276
669
494
152
226
419
787
491
877
251
220
531
73
417
815
933
954
531
5
348
175
503
659
7
632
285
45
255
517
467
815
401
295
676
71
848
326
16
381
717
598
155
852
773
566
851
820
779
226
646
62
901
292
522
597
169
825
377
364
482
43
449
252
268
440
727
408
221
369
978
846
317
905
980
559
22
636
825
956
22
647
462
617
85
227
322
768
340
478
876
634
66
582
455
991
138
688
829
379
612
12
297
757
673
992
496
992
185
814
220
743
7
250
428
813
839
138
309
975
691
792
578
792
630
919
673
873
923
189
899
676
687
655
566
874
676
611
840
942
160
39
498
627
995
318
474
832
409
481
410
886
896
214
522
703
825
153
506
526
438
609
537
49
578
71
553
548
883
45
525
106
960
850
675
339
67
488
227
942
664
386
226
411
902
478
226
257
667
843
786
539
906
288
612
402
546
471
51
469
259
969
748
67
431
711
570
165
775
58
6
890
80
352
783
78
483
368
765
840
536
48
254
134
638
565
393
276
489
579
403
382
98
548
315
122
971
829
807
46
475
660
663
828
600
552
379
75
62
746
777
210
39
636
583
950
823
633
984
450
949
479
462
51
79
758
648
587
957
191
12
734
646
169
75
465
14
794
640
233
340
270
259
462
204
998
343
875
952
130
425
218
318
7
593
507
605
879
640
918
294
668
616
395
164
537
925
762
785
774
333
69
914
50
255
304
55
830
439
21
251
543
916
24
849
920
655
966
950
756
62
635
444
548
285
454
514
220
797
175
686
840
903
84
640
466
281
72
359
970
448
650
349
529
450
681
992
966
309
197
851
548
879
986
35
379
497
823
571
681
897
374
706
759
241
514
255
23
871
664
888
940
435
530
317
695
957
680
814
894
875
70
769
465
954
472
50
114
215
793
236
923
396
525
389
719
925
669
484
790
8
907
145
759
5
164
30
326
847
781
481
390
415
864
440
971
706
879
154
311
837
291
830
890
139
702
156
104
958
12
205
169
890
306
914
994
40
270
21
226
848
572
157
202
667
307
334
329
305
242
229
228
497
684
875
200
390
548
245
613
275
384
415
219
491
502
255
439
137
673
539
578
245
479
158
120
791
398
498
321
377
399
728
477
653
610
721
848
125
974
210
49
883
85
109
223
843
266
3
794
52
611
103
247
399
811
714
758
958
756
958
277
674
872
69
510
231
798
342
32
881
747
396
979
788
281
27
915
628
438
32
104
834
462
694
814
301
307
582
721
44
235
508
240
424
996
949
718
473
798
34
556
865
407
729
13
266
733
251
234
234
41
529
356
645
324
849
401
213
619
397
234
215
19
296
751
383
373
13
333
82
454
319
924
553
305
49
37
748
356
268
881
739
946
417
99
405
108
470
708
994
765
386
191
416
637
81
39
25
852
182
348
940
259
805
666
691
974
612
198
916
618
160
357
618
100
856
125
520
198
115
387
960
540
686
927
245
101
427
566
441
423
781
935
367
373
759
82
815
791
223
524
319
543
694
48
959
967
126
365
363
753
845
274
903
36
467
594
654
638
488
567
794
838
723
224
80
650
702
520
851
928
79
375
176
119
602
729
540
738
981
277
702
581
982
325
955
46
62
117
331
691
503
918
222
119
518
571
550
640
261
504
78
226
687
396
588
411
200
280
757
464
634
249
654
470
462
410
758
100
886
778
379
370
434
768
780
464
690
930
417
753
23
852
120
136
327
883
512
591
973
538
469
435
218
684
926
273
23
618
32
889
293
50
217
111
602
188
833
432
733
190
199
249
13
445
553
423
668
282
891
817
740
761
441
591
65
301
345
143
712
112
910
874
973
541
639
993
543
463
21
58
721
514
550
8
609
927
653
684
493
26
69
760
42
634
912
718
811
969
428
794
805
8
483
18
738
293
44
618
601
958
344
664
22
302
322
820
547
398
259
594
7
861
564
476
315
49
774
36
489
479
508
521
301
459
446
675
311
190
172
6
965
124
315
236
348
229
819
385
784
373
419
709
990
683
858
479
48
567
234
782
144
556
403
503
878
862
522
739
623
598
634
366
603
381
180
323
239
1000
753
728
185
875
726
400
327
355
172
749
772
479
831
567
929
392
365
105
120
258
318
438
240
856
302
211
882
440
582
936
168
924
171
938
241
496
851
316
55
616
575
182
173
877
651
520
690
656
718
784
664
90
378
674
232
141
854
730
329
81
745
713
439
210
885
941
248
603
636
51
587
591
383
901
682
842
871
512
92
764
569
518
954
738
415
921
620
555
70
827
67
430
839
341
191
854
65
355
542
210
995
287
875
370
391
222
264
859
19
719
176
369
840
839
994
656
298
39
562
682
845
966
938
613
918
746
449
101
383
163
353
657
406
779
108
952
209
976
505
508
854
43
272
668
957
978
621
767
306
403
535
934
204
619
714
48
591
609
183
487
253
74
592
829
296
233
53
104
753
726
431
121
401
493
494
324
169
952
533
740
510
874
593
584
990
203
485
50
391
326
649
381
688
319
109
881
938
837
934
983
306
849
614
499
880
805
806
78
632
93
174
289
564
245
818
70
905
732
200
669
537
147
429
933
189
208
584
279
780
234
136
771
2
892
92
10
794
466
501
29
787
449
718
93
964
243
550
130
8
943
520
174
461
379
572
105
339
197
238
267
474
979
6
751
907
73
661
412
7
607
218
187
32
608
694
299
405
12
515
646
828
421
549
274
655
78
691
328
482
660
508
265
530
633
718
188
89
806
288
587
69
540
899
412
399
763
812
535
787
1000
977
484
121
417
636
543
493
453
609
387
19
459
181
710
300
22
125
505
947
760
605
697
958
944
285
217
461
221
719
375
373
155
163
388
225
837
845
827
762
805
880
129
897
393
226
493
518
250
669
55
437
838
364
743
45
51
426
833
436
926
146
485
63
602
985
84
786
1000
629
430
928
363
870
253
287
417
796
516
400
556
34
450
721
895
484
363
733
619
927
363
843
519
873
480
357
60
121
818
609
923
672
22
569
830
195
226
542
114
679
124
191
415
794
909
391
35
889
818
704
987
780
950
12
103
222
204
712
771
122
536
781
369
281
47
632
733
47
94
621
469
439
875
328
578
408
557
651
590
860
33
825
962
575
130
779
978
584
803
248
9
934
387
591
489
226
694
762
334
643
636
88
274
122
801
673
188
57
885
82
286
859
50
812
294
474
102
706
217
111
17
234
497
705
259
214
614
339
996
488
843
794
271
839
446
405
402
878
465
816
542
778
150
573
994
656
710
570
942
182
536
815
797
767
97
841
567
244
952
613
722
850
22
80
818
659
626
283
898
560
982
463
792
340
214
574
36
352
696
34
735
318
285
85
201
386
409
14
916
953
336
501
60
72
94
874
726
455
574
61
80
418
697
366
433
312
107
647
798
605
14
418
968
337
453
117
43
998
577
418
800
360
572
947
574
70
156
765
45
748
48
190
918
19
749
977
82
840
963
223
60
508
966
335
328
295
911
93
300
386
456
108
637
309
878
803
802
575
539
788
509
978
648
636
864
72
218
942
681
331
427
576
459
31
134
507
499
390
972
137
486
568
592
394
853
5
636
696
897
639
694
848
549
571
607
673
339
213
345
82
126
866
825
67
571
410
610
792
197
304
235
856
915
295
439
499
551
747
407
236
677
736
76
814
535
197
161
355
927
478
986
436
14
334
273
429
695
711
45
141
730
88
812
689
35
418
792
318
82
219
147
738
694
773
861
285
583
285
489
47
624
909
730
751
914
316
787
372
536
498
379
850
261
153
506
803
28
432
235
800
754
945
754
806
118
718
54
940
193
367
515
872
34
503
247
773
649
128
279
906
929
525
27
211
464
821
332
805
212
768
112
481
545
476
126
77
833
731
481
67
553
493
997
394
701
358
996
235
95
765
856
394
201
238
2
448
84
918
440
378
688
654
265
568
666
740
26
465
134
750
759
248
963
248
884
474
359
71
355
594
354
651
546
224
239
320
605
588
457
267
270
993
646
481
629
849
244
139
287
628
204
658
408
847
765
989
846
911
483
477
363
915
61
993
383
382
616
300
638
843
919
400
391
108
466
607
477
892
403
131
237
640
1
8
999
741
852
302
159
548
429
150
319
784
754
449
578
941
270
422
548
116
985
391
505
804
965
570
112
731
831
924
451
839
648
350
855
688
899
110
697
206
783
550
191
110
554
579
271
808
630
687
930
210
422
436
186
737
261
907
424
200
379
544
793
695
542
465
532
264
428
580
773
306
135
870
893
920
366
341
921
998
960
102
374
614
760
629
913
34
853
9
44
201
828
369
464
51
328
94
436
928
746
472
234
431
607
426
255
511
854
882
677
665
956
458
820
504
970
488
717
80
432
728
344
711
481
19
189
442
907
940
564
612
892
506
216
703
807
672
530
914
303
306
520
380
419
707
470
939
759
492
59
964
493
500
580
320
317
227
147
536
729
559
110
889
191
802
567
245
335
698
824
276
467
67
334
769
385
647
296
427
606
926
987
771
551
387
71
796
14
482
61
49
388
532
815
983
766
454
238
840
662
185
491
629
46
567
128
37
437
595
866
521
999
58
650
750
977
97
296
818
926
742
570
40
803
453
933
808
947
788
864
976
420
18
203
908
208
613
859
220
53
568
771
762
316
328
683
255
811
663
614
557
410
510
102
938
806
51
44
415
526
633
276
606
825
810
629
400
446
276
883
258
326
125
19
169
210
832
526
168
691
211
615
586
48
429
853
423
236
652
71
149
14
434
852
587
596
673
877
66
209
459
198
661
391
564
539
618
178
328
25
945
677
306
298
72
753
532
309
407
454
904
269
320
649
790
886
37
703
717
108
235
557
361
507
106
346
604
673
450
554
484
20
261
312
922
276
752
664
478
339
33
588
55
232
490
804
122
630
554
883
991
35
421
378
380
581
581
987
762
286
248
974
28
448
687
446
692
149
313
126
659
856
568
816
322
545
953
951
47
728
261
942
625
411
312
460
733
843
156
626
605
899
781
7
809
88
958
11
228
543
648
193
627
538
949
220
368
392
165
468
428
530
521
345
360
663
968
414
878
253
984
653
216
217
119
165
368
4
818
459
194
796
339
97
902
786
995
935
555
259
503
465
161
896
240
685
561
878
338
86
733
5
340
440
175
450
796
88
415
581
908
11
769
633
757
719
680
496
748
777
218
608
778
487
944
575
33
716
692
883
192
906
68
75
418
699
86
113
847
384
272
485
760
370
556
105
982
752
65
987
424
30
97
330
671
896
883
874
613
477
37
141
845
22
209
655
163
814
785
380
78
719
440
941
546
686
194
685
988
77
515
66
678
349
636
367
101
217
973
638
277
262
507
569
724
249
962
180
685
750
171
912
247
559
99
134
662
985
97
739
438
885
354
497
293
970
784
489
240
592
986
597
396
648
957
121
903
567
246
409
41
51
739
676
699
615
431
329
806
873
790
926
838
445
384
198
510
54
724
267
622
486
354
548
804
718
419
688
459
594
279
875
858
601
322
169
771
28
204
241
438
140
419
201
787
445
776
710
889
926
391
598
303
920
242
868
140
750
852
714
118
340
658
129
324
657
459
554
231
331
881
782
417
353
905
744
867
784
621
46
998
95
744
343
61
240
595
195
785
846
279
505
78
552
863
76
743
895
876
550
749
81
274
734
607
223
1000
973
762
250
576
606
341
193
924
301
942
238
258
251
168
62
849
320
138
84
981
73
983
118
261
610
284
297
828
642
192
580
839
151
780
675
410
476
596
890
534
117
14
449
879
879
52
772
838
755
417
202
365
337
955
64
833
454
152
711
768
970
975
7
752
192
323
588
234
496
238
720
447
470
298
414
12
826
307
283
558
746
953
797
117
527
943
635
838
398
352
205
948
860
443
184
584
479
390
513
610
659
320
500
929
146
774
598
360
460
610
439
24
547
803
557
399
708
672
650
77
161
553
804
63
329
735
722
233
562
813
115
894
867
601
784
687
781
613
168
726
197
606
863
206
475
866
235
938
343
80
853
792
578
160
732
635
789
643
827
40
776
831
358
153
30
98
306
971
862
52
376
184
767
13
803
929
834
92
754
475
286
429
424
473
591
568
344
416
966
792
995
24
51
487
788
217
298
979
297
35
325
367
586
171
62
127
691
424
724
642
624
138
351
907
73
282
967
530
619
387
121
611
428
758
29
994
298
145
965
502
978
847
997
658
451
230
225
937
583
674
704
660
984
273
96
607
236
887
140
902
25
515
494
872
333
884
168
205
138
479
891
137
988
759
960
34
493
221
272
824
97
41
193
673
615
507
735
650
752
720
67
938
226
720
870
203
318
298
40
848
76
289
42
898
199
927
901
998
855
712
413
14
558
839
96
86
764
609
22
371
42
190
7
843
974
398
674
718
901
315
735
221
391
176
848
443
811
362
984
353
67
514
832
714
220
967
825
276
545
607
224
602
841
458
553
682
304
936
869
608
71
625
122
446
709
167
832
801
626
921
898
869
54
961
492
286
436
758
115
551
941
572
473
359
456
764
907
528
305
512
917
776
760
806
801
541
335
42
96
158
891
497
307
675
692
24
993
200
210
151
913
187
567
517
899
904
923
81
804
20
903
856
181
407
60
95
536
716
210
537
688
927
883
645
844
456
304
226
701
686
25
656
877
927
766
242
999
318
540
985
232
333
64
803
539
220
967
183
758
889
417
840
517
287
863
217
905
93
908
589
309
506
942
926
646
87
943
307
344
414
402
882
331
528
142
928
733
864
982
140
880
910
290
563
464
939
26
845
22
505
160
324
418
831
829
193
29
41
319
377
804
957
781
604
796
493
515
285
452
877
236
503
581
304
133
379
208
586
265
176
480
211
540
100
453
967
723
505
150
374
62
651
502
165
404
744
408
828
931
535
429
200
591
450
82
361
261
388
504
791
397
975
350
350
794
77
240
297
990
456
646
957
661
687
462
636
59
883
397
972
648
347
298
891
582
154
13
964
514
880
978
139
177
144
253
177
206
255
469
705
253
313
351
628
61
755
530
734
466
999
935
510
508
780
253
916
90
559
278
655
381
440
47
533
728
547
122
949
752
299
271
165
867
81
914
566
820
802
785
979
796
514
190
214
225
996
900
849
520
19
58
3
473
168
772
1
332
846
221
207
961
754
466
308
828
479
911
917
956
887
154
378
978
991
233
217
627
156
367
569
194
806
255
916
891
849
306
266
24
536
142
928
329
63
940
620
125
259
579
988
889
758
79
221
297
565
884
279
101
267
381
160
206
120
6
62
257
262
13
618
367
403
304
184
932
13
164
120
180
789
62
326
242
802
57
911
549
26
841
451
523
730
90
39
346
998
917
66
202
182
948
150
90
94
428
211
550
469
87
993
911
38
174
653
56
644
362
402
475
518
965
135
789
338
470
528
867
760
759
862
819
391
220
624
901
410
613
989
686
115
450
811
54
623
914
43
212
841
642
9
26
159
2
165
995
480
449
638
481
131
529
419
961
193
873
738
574
784
831
639
523
596
314
859
248
593
294
286
95
225
955
81
62
947
708
229
83
834
245
98
189
739
592
745
636
908
19
748
81
179
771
957
452
638
852
196
628
931
194
147
158
553
927
156
176
881
112
528
425
157
391
267
261
187
410
763
695
213
91
418
867
69
96
426
174
618
174
736
983
13
701
66
433
864
933
806
766
331
938
186
49
937
539
953
389
801
63
305
694
971
224
937
91
331
19
899
241
188
424
920
839
752
385
440
730
263
516
44
340
183
797
871
918
261
976
141
139
467
629
360
935
697
700
850
266
197
122
507
8
231
28
245
624
856
553
444
255
989
489
741
517
69
254
609
18
898
561
915
22
762
766
289
508
529
995
750
871
793
733
314
661
18
358
565
696
477
765
727
359
311
696
411
949
75
192
620
212
566
965
402
786
433
740
118
499
322
84
456
248
35
189
680
535
832
276
975
537
42
190
713
681
785
20
438
819
413
531
691
621
481
566
415
213
105
442
648
609
950
44
763
680
903
752
239
882
165
831
10
30
372
630
495
79
769
458
209
462
952
899
423
171
177
547
874
189
27
384
35
257
616
981
180
967
689
322
128
727
972
767
402
886
737
389
831
737
651
256
333
528
272
354
702
964
734
222
884
189
876
207
517
148
958
887
450
740
197
962
497
189
895
215
262
194
730
656
804
452
526
747
167
138
882
650
991
330
746
958
772
647
494
831
591
279
799
168
381
5
453
990
128
211
415
825
934
289
282
411
820
485
472
341
626
58
828
467
345
237
679
945
101
700
390
79
827
703
605
64
595
393
969
556
481
560
11
314
254
835
831
30
365
493
993
106
944
271
381
655
162
110
949
794
846
82
595
55
456
846
195
50
772
308
736
106
172
20
995
904
362
634
356
141
795
149
279
288
749
119
979
470
352
87
10
504
452
948
65
39
279
523
140
182
62
583
66
388
693
971
371
937
903
264
602
582
868
443
911
205
498
51
727
785
174
737
302
319
859
200
977
926
161
697
292
987
196
382
812
335
375
482
10
618
853
404
448
148
690
955
820
965
515
292
720
928
501
631
548
712
686
140
724
611
680
529
37
847
472
225
28
103
84
683
549
533
214
572
988
292
855
184
504
631
88
867
824
56
852
862
601
495
589
84
336
896
47
263
699
322
595
787
846
314
928
592
530
220
255
556
498
94
412
668
238
206
670
824
103
6
96
264
371
904
28
1000
367
766
405
883
743
275
924
759
805
334
74
323
3
889
360
149
399
148
62
2
595
121
23
585
449
919
342
21
295
362
788
115
353
176
821
865
911
723
554
393
590
345
446
329
954
976
364
214
602
905
857
82
216
92
492
35
437
468
986
977
249
606
801
246
451
361
853
896
641
893
287
526
89
853
763
845
481
751
303
266
248
137
432
903
398
865
835
574
573
357
879
331
394
617
788
398
179
985
775
537
355
542
118
769
333
475
635
389
102
712
235
942
268
935
577
821
646
194
242
171
819
827
573
405
76
835
177
480
663
77
304
174
366
594
983
261
161
623
313
803
682
19
895
488
171
700
632
867
943
174
360
60
458
92
769
39
221
439
150
282
498
625
776
195
864
16
56
106
733
730
767
717
39
735
135
785
488
169
959
570
991
58
829
780
724
373
738
85
640
158
322
413
224
41
926
438
612
741
581
514
581
538
172
900
777
750
684
109
816
640
733
35
54
906
459
350
263
138
775
811
204
890
351
77
25
17
56
250
519
852
598
476
585
997
103
242
814
726
55
763
287
504
201
819
995
822
584
896
720
664
168
394
541
672
769
282
993
979
884
881
670
681
83
619
148
916
805
5
744
5
860
394
22
251
614
138
446
790
825
448
870
207
142
113
612
362
643
33
572
804
426
827
345
76
456
69
408
920
386
44
665
484
772
348
775
581
639
839
565
842
549
544
921
69
134
243
915
466
499
38
881
418
234
470
617
472
640
170
452
368
919
568
102
566
326
810
718
824
328
286
944
432
334
235
658
815
376
952
669
321
37
760
952
536
957
635
588
546
146
426
645
102
407
806
688
833
20
214
499
518
814
864
87
722
880
867
530
883
298
757
913
244
226
585
522
510
368
604
155
425
496
17
285
691
927
448
755
580
122
755
389
961
55
873
832
849
291
891
544
880
375
732
541
754
54
58
305
484
47
113
931
634
561
168
577
83
274
285
110
175
396
352
305
10
794
593
428
649
895
255
394
540
887
253
790
926
344
211
379
285
680
133
150
845
932
859
601
553
510
16
237
94
803
230
770
654
372
902
817
506
264
510
335
98
14
62
793
7
203
142
223
340
967
401
559
36
735
187
666
537
780
438
749
120
630
300
933
700
419
321
247
214
515
653
67
252
818
987
139
675
382
216
626
332
674
36
913
746
359
902
379
59
268
962
422
146
587
77
248
25
13
732
579
531
391
145
484
746
824
480
20
236
932
280
701
421
282
274
936
309
98
105
324
457
537
445
893
963
277
748
211
507
486
540
155
901
254
940
179
12
161
38
184
324
526
165
957
521
770
105
64
126
995
764
10
883
671
819
470
868
344
560
681
782
505
839
805
887
191
74
539
700
15
455
245
860
305
57
47
163
947
500
833
456
777
209
139
368
622
745
47
936
727
970
520
93
395
20
342
664
954
166
334
27
826
318
523
477
780
455
632
821
430
749
557
637
408
973
466
232
119
688
425
3
573
138
660
162
732
586
15
375
790
397
447
352
921
713
601
864
743
498
381
871
756
311
667
578
875
760
299
454
260
998
108
395
705
234
661
36
914
808
902
23
896
865
374
475
721
146
411
738
469
667
523
119
888
949
82
22
674
981
856
249
335
530
461
619
678
208
517
962
842
224
112
674
726
658
955
15
391
945
824
803
827
76
849
200
130
279
302
885
611
903
651
303
434
585
900
139
783
46
345
745
867
995
262
740
210
551
114
995
806
493
581
962
755
319
107
198
507
27
746
19
656
234
980
880
617
80
787
948
74
120
700
161
963
665
432
699
948
228
49
35
396
541
284
871
407
830
982
115
924
846
91
6
281
372
484
731
570
643
357
740
165
900
225
816
613
387
410
975
299
6
362
775
446
600
16
725
264
271
627
570
136
891
582
244
844
104
516
444
619
863
798
298
253
14
285
389
880
810
988
911
361
773
908
297
797
490
89
438
569
571
977
175
181
157
305
323
841
264
936
985
420
72
775
391
54
539
519
204
57
268
920
843
518
758
999
620
481
258
112
310
114
473
702
933
935
497
279
294
724
60
198
541
500
566
81
33
595
705
527
938
974
894
528
481
222
343
651
226
595
454
714
715
69
461
352
474
962
742
76
518
281
418
900
667
97
48
839
488
951
110
587
259
393
952
728
809
429
505
822
851
829
888
85
645
706
901
796
411
178
592
487
564
277
864
604
631
157
275
937
549
972
327
29
165
419
311
315
81
972
514
197
233
669
647
999
622
406
920
950
654
719
786
265
518
753
841
35
805
31
533
320
293
582
243
818
868
965
725
714
420
838
10
529
851
600
632
350
243
864
222
699
462
231
839
279
550
647
45
934
167
363
276
673
17
76
97
883
84
23
608
654
46
184
734
361
270
745
671
289
267
703
185
507
696
892
10
381
311
796
123
143
899
678
362
791
235
377
802
5
275
904
897
97
90
109
972
503
923
363
23
839
846
654
587
767
783
977
379
132
113
981
97
603
829
57
201
600
682
727
378
885
145
737
549
359
267
875
715
252
451
37
202
551
39
873
531
989
501
52
769
259
233
107
427
372
554
134
217
912
771
443
778
861
378
185
616
818
431
510
726
144
500
231
195
427
404
748
580
936
307
686
482
682
265
556
590
955
860
443
769
550
215
606
121
614
40
725
334
772
944
759
475
668
744
348
896
29
677
141
533
629
46
154
530
693
984
56
968
767
599
612
195
400
127
256
222
404
519
903
326
417
708
850
201
848
461
87
965
200
320
739
30
680
852
193
39
190
510
715
579
346
162
679
878
254
638
557
79
583
565
917
129
434
528
688
614
682
826
508
150
904
959
513
683
870
256
751
968
693
788
703
913
247
412
422
177
116
842
710
100
488
998
199
584
407
236
409
972
809
653
220
390
550
602
436
832
537
292
226
505
972
461
183
302
979
763
433
154
341
367
130
206
524
721
470
949
99
877
193
296
774
59
75
318
254
40
804
120
824
689
396
617
734
713
184
100
807
536
140
259
837
149
197
576
785
604
154
280
259
893
2
374
117
41
247
219
264
978
405
609
383
76
581
639
957
775
716
904
576
415
555
205
763
368
547
113
477
155
893
511
809
945
558
799
890
412
102
347
740
427
794
10
30
581
370
835
497
976
402
544
708
589
512
944
645
215
825
364
783
203
38
352
963
225
174
671
13
755
183
753
691
235
584
263
458
621
602
307
619
501
552
515
608
56
301
823
392
305
474
420
361
259
232
90
200
30
52
825
866
457
220
75
432
735
18
541
21
180
13
435
65
708
603
803
321
923
222
165
392
464
512
947
959
466
506
838
187
260
595
474
831
56
385
106
949
763
526
751
461
9
569
406
97
550
356
294
379
563
749
634
807
425
382
536
879
50
352
399
359
412
610
773
391
510
38
584
223
304
997
930
268
149
149
134
89
722
862
564
428
799
681
214
365
833
908
674
988
468
655
814
589
56
57
977
805
620
267
7
104
111
609
178
543
574
234
254
164
212
514
461
15
638
151
57
6
13
270
719
771
16
463
784
337
772
419
873
801
626
620
484
396
498
981
68
127
759
818
203
983
721
1
39
885
986
283
690
348
511
697
337
426
670
573
108
780
442
175
566
929
951
286
226
543
292
817
743
978
558
990
428
53
151
414
126
455
432
286
304
311
221
256
530
396
823
980
325
275
620
97
705
50
594
721
899
205
640
45
994
50
599
297
11
790
392
34
120
62
853
337
728
352
116
492
721
189
286
867
826
896
159
660
481
619
511
16
946
403
385
600
594
21
575
90
320
110
911
598
845
499
617
456
824
692
583
258
842
347
320
245
350
175
784
80
377
837
887
477
497
613
370
741
942
883
338
408
185
429
328
576
719
903
239
502
439
982
654
468
863
481
996
717
331
666
173
505
102
529
114
268
896
753
167
165
360
904
93
987
858
237
953
800
403
189
724
23
10
353
917
535
922
197
199
171
368
152
933
533
519
382
549
461
52
318
353
491
590
880
330
611
787
882
317
76
260
124
985
661
739
222
531
277
822
90
266
155
989
622
448
119
455
659
920
73
733
719
575
54
749
525
57
678
50
618
58
549
570
47
613
587
120
716
234
748
423
631
372
664
516
662
821
744
734
675
24
886
524
311
160
128
396
63
359
420
196
299
677
659
734
578
582
617
268
629
654
851
7
662
968
457
249
138
558
321
866
718
17
632
401
264
229
482
346
284
405
925
160
135
261
915
580
45
244
734
502
734
43
402
347
305
752
879
406
345
298
715
251
442
655
455
189
622
467
349
705
104
191
172
887
112
522
498
838
533
225
26
534
637
481
618
654
550
613
584
830
521
663
726
97
28
502
398
488
468
423
874
741
888
557
569
355
834
734
181
137
656
733
532
451
611
672
440
470
953
616
697
742
443
448
223
693
832
572
897
340
471
195
670
266
261
426
333
223
996
823
378
463
20
316
47
817
320
559
519
965
473
83
285
170
593
136
358
517
966
227
693
397
450
476
686
306
364
473
481
975
776
162
981
184
589
543
33
28
770
220
271
261
168
2
761
986
515
569
87
313
679
528
154
464
219
424
296
122
640
701
190
644
441
107
733
172
200
738
716
173
197
848
889
256
885
258
438
901
534
764
132
935
503
747
216
176
710
920
51
742
813
223
683
138
209
137
746
25
673
399
431
787
912
973
543
927
403
135
35
317
478
267
544
453
796
715
196
698
165
1000
311
470
431
334
282
638
485
447
241
366
164
955
807
457
149
323
186
444
508
241
764
944
398
658
317
68
15
809
233
690
143
810
288
54
768
688
487
898
303
615
931
861
26
268
726
106
305
752
951
251
264
786
795
89
583
381
796
852
682
781
394
747
536
815
136
860
567
83
494
972
37
840
792
332
758
860
587
626
166
567
133
869
278
176
422
549
862
435
134
504
769
445
928
385
23
627
626
936
72
415
822
144
436
235
789
854
83
462
266
911
858
153
912
52
665
549
471
160
457
264
897
657
162
518
516
817
295
16
969
423
9
966
893
941
294
509
894
350
162
454
264
973
331
953
662
911
127
315
736
892
602
166
396
859
856
653
464
66
650
564
150
948
727
337
121
338
201
435
162
293
415
908
882
795
191
685
186
902
128
516
644
779
759
30
150
43
993
165
32
549
320
877
196
292
611
159
560
334
146
684
227
712
387
303
226
371
455
782
30
832
759
171
410
917
677
34
69
543
618
399
468
457
915
167
742
570
313
70
887
774
845
303
202
86
586
335
662
113
220
598
356
445
999
155
988
542
18
821
52
776
317
678
81
514
614
483
742
704
186
495
68
272
997
967
20
555
936
652
767
85
801
382
53
794
147
705
947
596
538
830
885
364
87
50
463
32
895
480
431
755
519
878
15
838
3
229
58
280
809
777
438
400
245
165
518
167
140
451
415
300
506
8
293
39
623
72
155
131
406
559
759
40
697
736
300
923
590
113
387
481
955
166
471
237
173
605
623
713
958
611
225
271
445
48
155
71
921
143
362
895
661
627
958
570
287
151
974
652
546
581
903
198
186
341
437
872
36
998
409
812
950
37
403
103
798
21
667
483
590
222
832
482
554
358
306
223
595
695
724
328
749
60
521
98
175
677
854
723
95
942
478
907
315
774
845
897
203
614
745
754
507
808
915
205
889
972
511
753
605
744
59
695
859
846
809
67
712
329
473
212
147
424
764
920
289
316
708
583
92
500
715
455
719
915
606
70
447
409
560
769
512
504
894
256
852
579
598
540
863
338
55
281
398
966
126
730
979
611
208
444
53
622
705
974
757
756
734
744
113
122
339
581
617
142
470
362
959
119
501
162
465
973
975
383
699
293
194
256
657
768
841
81
176
20
108
887
135
640
646
151
812
701
733
694
258
969
256
470
908
575
675
580
680
46
152
31
829
663
544
67
410
672
933
358
442
747
648
316
284
921
681
61
587
196
69
548
347
546
143
99
769
523
779
819
299
16
968
446
169
162
765
627
206
779
601
190
551
467
798
127
86
174
300
715
566
245
421
770
795
519
529
306
740
256
864
819
565
699
967
161
671
660
258
532
747
866
839
549
945
999
710
532
781
14
85
694
801
602
551
744
892
105
82
729
469
181
98
718
721
104
173
251
757
136
111
525
804
594
235
521
528
260
785
700
450
567
164
417
457
995
776
294
174
173
600
837
796
859
860
828
634
798
691
937
13
152
532
948
255
617
470
772
781
524
126
291
435
10
329
407
264
67
64
211
931
107
456
256
584
243
145
557
50
130
476
950
559
494
375
869
687
331
207
783
901
966
856
220
659
169
509
286
712
903
526
74
459
631
390
727
598
753
62
476
798
402
483
999
254
864
658
929
382
564
907
157
284
542
511
653
546
855
59
997
634
415
614
998
631
492
65
833
390
729
160
459
661
780
200
460
941
869
941
573
889
732
729
390
833
409
128
923
488
412
102
261
323
972
966
16
15
515
290
275
70
75
865
790
356
49
344
192
682
728
922
731
505
141
748
87
13
145
357
305
673
880
479
125
529
164
726
847
541
452
520
176
959
14
433
227
310
806
468
713
762
128
610
221
534
517
328
392
362
181
422
843
67
992
528
506
230
721
762
212
633
495
478
779
923
303
648
94
153
843
140
946
361
702
444
640
692
206
148
394
24
224
50
379
716
712
704
564
191
773
438
266
356
873
195
857
819
754
395
335
576
313
685
633
594
203
476
236
454
902
567
72
377
943
976
394
99
649
385
689
362
148
538
458
49
392
872
191
649
730
749
962
818
373
700
799
743
291
425
757
731
564
266
690
207
846
492
76
445
91
119
880
986
693
768
550
788
80
211
241
980
433
277
529
159
316
695
264
88
406
83
200
31
181
863
844
149
627
441
680
732
845
810
415
135
134
561
49
737
497
336
180
644
586
992
691
741
903
290
691
779
433
597
677
886
363
287
370
502
611
717
17
469
27
259
643
529
134
834
817
447
844
92
432
832
25
2
347
204
839
250
713
167
255
44
933
104
924
802
728
350
855
559
843
840
368
687
895
861
726
904
902
661
871
936
512
180
696
773
109
22
414
616
702
967
704
404
959
278
733
908
821
506
292
362
840
237
587
757
622
973
219
987
382
956
524
774
247
481
918
426
937
321
6
920
341
995
226
299
829
970
480
885
184
869
251
463
816
699
436
52
335
129
46
698
771
610
393
374
79
625
265
208
450
326
977
656
508
788
118
803
169
211
651
187
801
500
922
141
180
934
446
336
213
426
73
780
634
468
203
47
433
881
347
526
247
461
879
517
879
135
704
248
182
264
954
956
963
332
51
790
103
118
897
343
441
17
785
659
14
440
136
175
479
898
687
92
600
327
716
524
575
542
315
996
120
108
778
313
959
240
569
1
832
191
194
149
53
275
995
309
490
204
578
783
622
910
990
838
117
477
863
506
711
952
389
173
484
574
288
964
617
707
523
629
240
772
130
641
998
657
423
720
931
939
208
427
515
545
565
94
738
688
800
780
547
478
382
745
25
262
775
263
43
371
543
837
909
601
72
19
423
867
653
793
647
696
82
737
399
585
60
828
984
123
551
957
162
267
250
327
302
962
377
735
68
844
792
341
603
972
902
250
223
766
986
508
583
851
520
39
900
555
21
933
688
610
215
74
937
767
167
172
447
369
325
863
540
74
497
317
207
682
651
7
883
172
957
70
633
578
5
459
699
130
552
12
625
105
754
920
640
149
778
873
143
440
566
344
729
742
465
198
606
571
585
33
182
566
150
742
504
136
206
927
48
371
28
549
892
916
146
630
890
313
406
120
65
728
676
474
982
265
610
238
559
300
126
363
585
596
231
910
649
54
965
959
844
108
577
764
746
341
429
289
501
694
136
633
677
365
618
505
684
429
528
381
52
995
625
348
797
499
320
846
760
681
394
580
871
309
601
885
955
894
292
527
266
841
600
850
385
643
436
142
565
725
230
45
251
46
675
863
36
792
968
854
966
266
283
578
688
521
342
287
785
978
356
137
720
231
42
800
825
463
553
287
544
875
462
861
59
697
591
832
791
232
659
695
99
207
397
889
768
701
406
77
186
600
562
269
234
697
623
83
724
609
575
775
339
5
896
913
417
808
481
60
355
231
58
680
667
10
343
946
240
102
493
39
172
776
906
941
651
651
794
688
705
466
674
32
821
476
531
556
317
606
536
632
262
991
124
119
477
937
134
72
965
959
176
5
311
167
446
49
980
521
495
887
797
270
948
671
807
871
113
884
780
654
159
936
246
634
263
500
816
919
163
493
998
624
439
340
278
58
794
501
907
727
692
139
294
628
907
417
405
832
113
362
396
534
999
582
999
580
933
242
630
129
249
258
159
700
913
335
84
594
110
515
71
825
980
367
529
528
230
919
215
378
767
636
803
508
70
406
309
893
398
701
52
81
122
989
428
693
546
240
114
798
794
118
287
550
226
741
59
607
425
684
879
992
124
633
960
818
889
407
372
540
588
913
316
307
608
765
218
452
852
612
477
290
185
156
594
30
494
54
195
583
323
17
220
586
550
778
898
482
958
742
664
814
344
404
346
552
111
825
170
88
561
482
91
896
129
484
186
689
741
683
444
411
894
553
589
492
344
737
852
97
623
768
489
450
247
860
129
1000
520
685
576
312
434
28
788
278
375
275
840
53
574
442
471
134
235
154
403
849
67
462
31
92
116
329
233
830
806
989
607
801
732
771
528
414
659
233
844
190
797
543
943
625
802
976
125
933
135
8
211
889
699
752
216
819
893
5
120
360
892
690
193
280
866
320
758
201
904
340
618
951
424
86
253
754
802
491
324
499
406
551
203
605
40
565
945
443
764
429
583
86
168
552
113
756
897
178
453
550
144
909
859
288
261
328
744
149
711
77
855
590
715
120
651
818
70
583
244
378
905
533
938
764
670
927
317
875
272
452
549
75
303
138
149
999
607
60
952
531
921
879
461
403
490
24
2
428
652
123
894
660
442
563
507
45
974
710
371
491
919
520
632
374
695
162
225
101
373
587
710
691
955
61
461
51
212
683
57
277
397
825
548
296
624
1
19
374
837
556
11
775
877
757
271
945
34
179
298
227
180
416
113
749
335
783
133
506
360
789
676
742
808
898
375
823
773
582
478
688
952
913
808
714
295
792
231
903
340
142
736
76
571
604
152
579
989
116
49
17
311
607
954
241
574
494
489
157
205
470
404
429
758
412
586
774
339
508
934
93
543
869
541
491
941
706
230
66
621
237
483
44
876
737
854
9
724
718
940
383
609
980
409
962
281
178
171
279
102
238
36
915
784
520
946
59
761
223
188
652
888
749
914
41
675
933
941
117
86
66
355
105
254
909
141
818
644
307
872
293
255
600
623
811
77
103
936
643
518
735
763
491
14
816
966
198
672
196
928
919
297
517
132
107
567
633
156
44
904
233
470
448
989
229
138
350
552
882
128
351
170
980
938
312
28
763
55
816
185
379
450
529
739
483
100
270
863
495
789
286
924
764
531
682
137
848
355
741
233
151
62
743
937
413
977
339
361
64
873
603
568
276
764
608
520
94
272
79
35
223
965
293
463
681
200
572
55
658
52
919
191
791
277
871
127
290
714
763
709
694
900
707
785
333
191
475
805
314
321
147
666
633
361
414
355
101
310
79
29
252
358
888
665
696
345
768
192
82
45
16
14
373
775
339
723
251
582
927
550
845
890
899
535
815
858
519
696
445
951
351
984
571
360
277
316
905
823
844
432
266
772
629
211
462
746
757
555
829
191
471
974
526
332
257
965
703
659
427
881
626
537
721
825
260
178
817
892
153
873
273
613
511
584
873
445
355
276
187
900
659
437
42
167
624
718
14
695
898
714
354
166
871
154
819
649
654
344
181
382
988
448
721
785
187
399
42
505
741
522
705
730
967
758
558
647
311
455
210
249
962
917
83
87
642
807
900
437
770
549
722
366
967
485
156
235
232
717
678
123
324
470
200
720
22
238
53
666
708
76
82
306
843
552
574
359
598
662
83
790
169
507
483
900
704
119
309
686
499
657
908
252
618
288
232
326
534
689
381
753
956
838
813
874
671
92
29
802
493
963
336
899
33
672
458
613
646
657
111
941
997
649
433
33
996
182
196
974
622
112
539
394
708
333
147
852
590
808
372
645
500
992
719
647
831
377
52
22
674
319
702
3
957
69
719
454
233
123
348
696
144
791
757
506
907
344
764
615
678
561
258
960
954
232
512
495
525
859
684
425
426
921
50
871
327
104
762
209
753
100
70
466
914
508
959
334
435
251
980
571
970
419
185
267
949
68
982
962
14
952
533
791
950
197
379
848
630
325
720
153
899
836
533
282
512
660
260
578
327
387
502
13
442
16
103
612
179
714
944
720
220
117
275
518
947
167
974
214
606
148
848
324
597
426
454
889
13
430
931
391
706
355
987
117
313
772
913
5
470
802
727
759
395
796
415
120
662
563
430
467
866
956
85
530
75
816
12
270
713
887
744
495
196
314
334
177
994
637
696
108
536
645
259
821
519
18
179
342
122
661
258
481
982
850
622
338
461
327
275
495
274
853
287
202
543
205
12
378
841
694
3
273
362
424
710
381
898
633
939
659
511
913
335
580
355
708
720
749
605
147
349
25
324
536
58
448
153
719
704
648
37
871
458
781
769
571
562
9
991
352
764
229
422
528
218
353
553
639
440
190
377
403
267
733
309
481
107
176
691
26
76
582
397
409
713
34
178
908
590
433
118
713
564
18
711
820
396
279
328
775
29
823
525
859
698
390
64
743
910
949
139
932
25
18
382
710
659
554
767
197
482
164
905
277
64
616
367
845
766
871
583
423
123
126
910
110
197
493
981
276
765
418
719
845
857
280
416
562
715
270
119
933
547
624
41
758
511
577
768
942
313
575
110
840
60
98
739
413
888
135
301
872
643
781
550
357
503
444
529
651
929
3
415
748
808
423
748
644
929
832
536
231
258
33
810
681
292
504
849
482
361
541
409
75
721
393
626
486
351
502
376
608
142
600
786
732
363
885
639
438
222
832
763
3
941
146
858
891
914
904
239
936
949
978
988
821
237
374
911
33
209
312
792
329
691
459
951
795
221
848
851
834
582
531
71
857
982
66
172
717
563
734
41
911
466
94
983
556
490
139
480
888
747
788
919
225
591
899
303
376
588
939
3
882
724
160
932
520
306
889
776
612
767
398
668
262
599
395
736
343
201
428
293
444
337
528
977
95
58
336
335
495
440
881
340
288