560
855
348
447
55
178
663
331
899
119
989
540
707
1000
288
415
465
764
819
101
179
360
57
522
336
176
209
906
676
469
913
105
746
737
562
185
598
300
135
213
895
72
243
54
442
14
898
197
94
308
457
102
996
333
298
63
299
47
506
762
632
90
81
778
906
534
110
826
339
294
747
11
49
668
604
527
730
708
782
288
693
557
397
62
781
338
608
742
105
128
550
486
891
799
735
52
73
89
799
944
684
133
723
111
118
641
329
654
750
584
741
235
735
971
867
87
367
370
686
598
790
368
207
87
772
206
389
552
229
642
485
152
782
101
295
238
531
92
406
105
113
785
292
604
965
433
695
759
433
656
110
934
188
267
798
488
769
397
273
38
674
430
452
610
60
316
773
697
126
131
93
8
424
656
723
532
109
632
127
135
99
143
169
197
318
317
218
252
893
704
556
185
213
78
914
707
558
314
167
623
988
171
258
397
74
685
403
983
403
621
155
382
162
759
872
351
686
295
531
833
598
336
300
453
423
360
559
743
425
430
125
25
291
318
654
957
936
458
241
764
760
741
744
106
682
464
213
99
824
176
164
666
895
517
703
154
954
541
680
37
810
749
121
526
326
547
399
416
181
256
21
924
654
933
164
922
795
578
441
258
752
229
65
768
672
716
643
420
391
817
318
815
790
853
506
636
951
444
61
867
632
356
998
225
653
605
388
143
26
422
185
726
371
842
735
572
177
958
266
925
224
374
88
641
181
46
724
348
661
384
628
22
911
801
746
814
384
618
576
531
276
249
452
228
805
987
30
536
88
803
990
67
940
19
684
784
535
886
900
626
138
218
183
42
107
617
940
355
411
985
946
677
989
767
337
663
245
296
681
528
412
603
751
584
552
584
512
83
720
997
355
972
347
887
455
414
218
126
309
727
783
694
10
844
923
771
43
379
705
730
225
270
674
478
624
237
178
830
767
935
108
183
100
490
194
896
100
45
558
773
312
179
339
211
511
907
629
102
391
55
502
432
998
812
486
895
138
391
928
918
714
619
344
937
125
731
647
834
399
750
836
323
553
980
550
331
620
361
757
414
493
695
973
328
838
740
955
32
357
663
282
231
712
625
591
661
48
349
452
241
716
857
282
732
138
837
139
589
367
807
504
490
878
354
450
964
43
973
190
668
587
676
362
621
812
20
84
975
652
232
404
123
269
258
332
153
349
122
885
95
931
400
48
343
736
795
545
687
894
55
304
47
196
721
722
878
583
71
923
801
286
544
985
716
839
434
471
561
270
750
504
647
308
139
476
363
789
781
669
134
22
560
301
940
981
287
801
897
598
885
944
550
729
577
26
447
647
522
373
938
830
850
373
594
873
934
669
207
654
73
407
667
934
811
485
757
418
972
988
865
389
455
247
785
883
914
559
599
149
900
451
206
900
763
883
285
674
665
123
408
276
717
284
897
827
391
498
695
835
610
575
327
457
714
885
721
19
675
439
438
118
815
325
247
343
376
547
562
396
399
516
658
951
723
401
832
135
61
85
164
325
302
12
540
96
147
632
860
975
571
997
554
516
331
431
492
72
888
65
437
827
395
614
819
887
932
191
259
898
594
504
613
820
532
203
454
428
967
621
696
721
347
517
557
157
563
695
427
837
732
361
455
387
776
735
431
694
946
785
706
110
390
591
460
51
229
835
16
864
79
670
501
218
572
123
672
600
56
57
153
20
436
833
618
521
864
98
909
109
517
144
560
5
767
849
917
987
506
272
101
508
586
763
83
662
517
172
939
591
441
942
656
452
840
533
554
681
368
240
579
867
407
113
444
301
402
834
404
391
361
141
261
87
430
258
298
425
120
496
707
244
786
75
394
4
221
2
190
143
269
175
139
599
902
940
222
483
377
524
265
69
437
174
27
955
431
962
763
8
681
706
646
553
219
773
229
371
891
857
403
319
609
911
910
592
333
854
443
905
34
533
717
180
337
188
322
404
549
49
553
275
242
244
155
957
936
819
729
176
361
189
2
317
700
626
544
440
288
502
762
763
577
748
646
124
505
348
93
148
199
673
432
695
257
10
533
280
947
907
393
25
672
838
972
57
451
583
687
720
651
727
374
582
117
58
980
285
595
963
186
194
342
933
391
274
152
398
375
132
436
92
615
11
574
790
236
449
570
62
497
643
222
838
972
847
506
279
747
237
958
621
601
173
91
256
859
912
700
726
230
577
811
404
989
90
321
512
61
726
557
530
830
859
790
318
453
753
110
110
270
525
973
711
312
292
851
912
640
256
89