54
124
175
29
16
172
1
116
182
38
131
18
176
67
92
96
35
29
155
20
149
126
116
42
82
187
51
152
176
171
189
49
25
103
61
8
169
55
144
22
147
129
191
171
85
96
66
160
124
132
168
29
62
129
21
192
173
113
123
82
32
54
9
170
61
116
47
146
144
139
30
146
22
181
108
50
48
153
62
176
22
29
97
103
187
86
17
21
13
99
117
25
50
171
17
127
165
166
178
159
50
121
11
129
88
92
110
64
140
171
192
51
117
42
112
127
109
106
22
167
59
193
148
124
182
139
178
142
114
23
60
173
174
144
130
53
24
160
118
133
79
187
40
135
56
99
172
64
137
39
178
79
200
152
19
95
114
125
187
158
36
74
146
56
22
23
74
26
6
162
143
41
148
66
182
112
85
164
84
92
10
116
18
116
62
5
169
124
117
7
135
131
29
139
171
48
100
127
158
58