142
185
140
168
28
95
58
134
77
24
75
29
104
110
194
23
162
176
49
44
56
146
84
61
199
149
52
95
34
146
41
21
97
116
97
82
69
65
56
14
132
18
45
42
31
179
150
157
90
166
50
16
116
80
88
134
166
150
42
46
101
5
45
70
170
90
169
6
102
136
168
31
22
146
183
172
130
147
42
50
41
182
150
177
61
96
95
65
123
36
66
6
23
73
32
48
19
164
27
77
13
44
175
109
143
105
49
137
50
164
34
98
41
53
132
83
80
85
38
182
149
112
72
79
184
105
62
183
162
54
109
71
88
12
102
19
105
6
33
183
196
61
34
121
9
90
10
94
2
11
191
69
58
39
150
42
113
45
158
66
27
136
193
187
99
75
190
71
127
21
120
57
99
58
147
51
165
32
96
30
123
157
137
57
123
195
56
85
162
40
88
75
53
4
109
40
102
103
155
60