179
57
131
92
121
196
142
60
9
137
24
157
105
13
33
182
137
172
62
19
72
36
156
163
156
93
118
146
67
159
65
56
57
56
85
85
148
108
186
152
199
161
10
184
81
11
11
124
21
56
82
101
114
160
147
123
84
200
143
138
36
102
96
62
193
76
30
7
25
179
121
185
132
36
179
6
149
176
131
81
111
17
16
117
134
90
12
10
182
45
7
113
96
54
25
87
52
152
181
181
71
92
67
28
116
170
61
176
76
54
3
183
76
176
32
144
137
23
1
60
64
22
46
70
41
30
140
93
30
107
32
111
24
94
173
16
65
84
95
101
187
166
39
102
177
8
75
155
121
149
107
28
78
2
59
55
172
30
38
136
119
69
35
90
100
155
132
72
130
192
115
36
10
191
50
74
11
110
179
19
107
183
42
81
49
83
25
4
89
111
119
131
8
159
165
104
104
6
110
27