100
86
47
152
164
90
78
79
67
10
42
85
59
47
79
170
128
81
109
87
54
119
128
162
155
88
110
157
148
129
43
153
5
185
69
72
173
29
18
181
196
19
109
22
85
161
23
10
31
121
158
24
158
147
196
126
66
177
23
71
130
157
43
186
152
56
59
98
128
192
144
36
1
170
104
165
160
63
80
160
151
182
112
187
103
124
114
42
172
30
59
137
49
158
61
90
188
98
6
71
40
162
185
200
60
121
113
17
94
96
155
189
144
71
31
82
21
149
93
33
6
84
171
122
35
148
61
152
70
174
94
132
50
72
121
148
147
107
86
93
138
157
89
8
25
35
171
31
58
10
1
97
162
177
23
76
198
129
85
125
115
179
176
21
48
33
44
190
6
146
129
127
129
50
44
155
89
88
148
183
85
109
23
178
108
73
90
105
75
46
170
100
159
97
86
153
12
148
84
136