184
1
53
159
21
20
4
183
156
34
200
33
133
175
13
139
126
86
166
200
93
115
127
3
63
30
10
5
109
161
159
109
7
126
179
66
47
153
2
170
187
158
181
134
70
79
169
123
27
164
91
109
156
161
127
167
14
41
82
163
165
58
100
78
170
63
15
182
4
152
3
47
133
38
80
172
184
71
112
105
200
76
80
151
167
124
49
130
190
106
32
189
99
42
139
2
144
87
99
30
123
48
18
145
8
81
183
151
132
105
150
23
112
141
6
9
159
133
74
155
172
130
196
174
157
51
66
35
111
51
125
185
153
185
200
12
34
177
78
73
76
153
16
28
16
127
114
164
197
135
165
133
199
176
22
83
50
16
78
4
87
150
166
192
12
72
68
36
23
177
170
165
47
126
126
59
150
178
136
161
184
79
35
26
127
97
124
47
199
10
76
144
87
126
126
186
25
175
147
171