437
47
627
92
576
658
520
70
876
330
952
910
957
241
210
503
535
46
42
764
469
680
597
529
957
405
807
999
626
251
873
57
200
929
452
783
263
989
601
420
935
367
586
179
599
559
583
350
194
548
799
369
480
890
829
871
948
281
49
159
124
690
16
803
249
910
268
953
352
794
95
668
270
806
886
23
667
719
432
183
765
160
396
881
897
492
350
341
781
913
907
378
754
446
695
747
152
667
143
674
665
22
305
124
589
614
791
712
942
483
545
470
688
168
291
567
401
112
850
478
384
218
576
471
506
508
324
113
315
66
139
255
147
885
115
933
841
463
193
253
821
421
295
883
870
818
43
684
835
262
72
601
34
538
224
676
19
847
217
763
238
73
431
592
971
683
400
55
639
94
318
607
402
935
963
486
963
73
195
2
875
861
21
8
326
803
532
959
109
821
689
813
781
441
755
911
140
823
312
272
826
237
212
799
306
377
20
595
526
19
386
346
117
523
886
973
732
531
1000
346
366
11
8
209
762
793
342
58
196
584
925
371
248
134
884
483
341
324
714
391
332
508
34
783
708
778
255
307
819
138
698
940
396
377
56
129
102
757
867
997
99
173
485
938
510
217
52
650
403
221
49
467
571
730
971
503
374
756
428
619
835
102
505
816
381
136
727
99
761
704
878
847
328
102
693
85
511
438
283
699
570
504
52
913
278
692
50
325
21
110
215
926
688
366
994
65
513
806
731
598
113
547
889
256
396
255
422
671
924
179
899
686
722
392
825
624
832
85
26
11
806
98
335
412
992
982
219
371
192
179
619
944
160
847
741
385
261
785
325
379
952
440
496
59
310
129
20
135
301
233
647
379
746
175
809
17
595
301
161
19
825
718
770
977
309
275
885
414
478
730
151
418
235
172
934
576
309
124
698
960
52
711
869
742
968
942
173
711
589
370
505
833
221
957
641
577
445
600
308
871
335
312
759
260
131
578
134
532
542
267
587
235
282
567
451
845
37
196
22
563
54
337
459
876
690
232
489
657
207
979
922
117
939
414
237
27
611
917
646
627
221
553
470
586
528
746
619
575
326
580
48
150
547
866
169
437
206
701
253
85
93
988
983
884
761
119
909
439
827
91
297
342
258
766
516
282
470
699
379
682
416
7
946
831
870
863
522
656
122
712
784
490
892
156
759
193
692
966
72
906
88
508
354
232
772
562
291
91
525
344
760
80
538
684
761
426
248
192
319
399
335
256
588
650
475
302
623
892
875
832
787
531
11
395
880
18
113
192
642
478
225
527
682
745
819
921
858
526
176
546
895
550
316
567
494
226
998
992
831
772
808
638
142
912
270
993
459
636
661
55
43
278
75
633
348
565
4
75
751
51
516
176
763
596
896
822
669
622
989
579
490
663
810
148
107
982
826
723
181
72
86
791
309
664
796
618
563
836
456
180
11
909
660
374
619
163
141
133
960
611
321
287
102
705
866
11
676
171
570
758
160
500
70
124
660
485
498
360
150
701
13
170
167
926
709
161
322
691
452
25
340
784
414
744
428
685
906
778
462
440
5
858
431
712
361
782
606
542
618
138
682
484
735
376
496
725
988
833
997
973
610
250
959
955
662
409
95
105
962
927
850
15
486
564
712
312
643
422
633
242
764
481
343
133
633
458
35
513
3
17
594
712
234
770
243
669
145
528
211
508
504
529
815
779
604
932
655
90
74
794
425
236
754
565
662
144
622
544
934
1
84
651
459
351
496
243
305
82
902
568
131
499
486
428
398
448
754
448
2
251
489
625
279
330
114
770
471
605
552
690
520
145
377
205
32
226
246
180
827
603
708
531
378
493
332
641
927
641
623
733
584
888
647
263
115
922
32
356
564
470
523
458
728
671
994
971
458
77
883
208
964
925
392
31
654
793
957
556
655
224
501
627
348
584
155
80
588
363
213
71
478
725
249
188
52
437
231
440
746
215
613
333
110
818
72
626
778
13
251
978
673
304
573
254
57
190
391
923
206
59
368
838
990
201
720
986
973
87
74
471
671
116
28
183
840
175
332
398
668
429
594
195
374
393
511
820
87
205
759
877
888
946
803
880
146
971
424
161
152
553
188
298
731
961
632
211
132
37
351
186
27
664
491
835
61
339
410
314
562
455
754
692
718
483
469
502
381
911
647
849
644
153
116
314
336
727
751
452
741
819
961
629
49
108
767
312
897
826
199
880
248
811
929
170
377
649
476
108
692
282
659
834
611
66
568
955
341
823
77
563
950
501
345
505
532
929
243
653
584
244
184
49
529
658
330
169
166
46
230
577
406
164
369
603
963
992
70
232
276
810
976
1
473
475
130
367
485
804
683
21
134
638
416
75
866
354
866
332
696
646
562
927
590
412
522
879
462
436
594
75
36
295
757
768
90
306
205
12
648
707
781
848
676
686
815
4
881
448
821
829
873
276
90
5
935
732
822
142
702
699
373
570
372
620
696
371
380
350
770
110
668
908
797
208
564
600
542
338
150
266
670
544
317
848
391
219
88
122
273
831
662
942
950
434
516
58
871
322
495
603
596
304
717
779
990
486
533
680
84
109
426
316
859
521
602
204
762
258
688
634
539
737
921
899
701
733
721
666
324
515
436
63
751
78
162
814
842
232
130
86
204
316
26
769
271
294
281
556
486
749
958
120
795
38
981
508
168
50
269
54
793
192
405
98
799
351
908
196
554
162
213
658
962
749
984
612
584
792
378
787
296
552
919
633
113
171
171
797
269
75
835
126
829
587
499
103
105
486
870
94
692
131
705
462
513
882
38
857
385
133
666
275
418
426
806
713
127
766
525
743
351
997
523
781
29
243
715
437
492
187
243
70
921
281
993
906
665
609
574
239
311
440
470
538
877
459
653
997
82
411
580
779
315
325
184
141
176
238
252
710
536
802
435
358
212
890
45
323
147
602
925
407
971
417
957
454
79
721
198
737
599
130
91
673
431
257
396
310
338
521
230
996
61
354
283
436
352
827
502
345
893
491
970
713
882
587
416
633
424
300
768
832
820
274
807
444
424
738
972
713
487
865
212
713
344
155
701
924
779
901
356
37
857
341
739
458
149
777
316
110
985
322
986
187
300
972
893
663
654
355
697
522
253
352
181
688
189
870
356
727
845
863
956
876
404
230
472
451
480
177
381
368
427
236
629
79
872
281
498
114
664
573
144
80
505
529
754
742
178
301
290
785
242
548
219
665
774
955
792
353
647
62
98
687
918
403
180
68
70
905
427
416
542
814
493
399
345
900
271
707
462
609
913
653
656
953
996
652
705
219
191
285
646
614
872
280
234
262
574
938
939
156
159
240
800
509
976
95
329
996
495
463
458
985
340
681
372
788
53
111
747
323
489
84
401
173
324
388
771
438
692
992
107
488
812
71
630
885
835
352
164
540
757
279
816
748
459
501
163
969
93
917
111
767
490
950
421
207
655
818
841
276
41
449
973
717
492
545
289
166
657
507
955
631
884
848
353
758
425
891
226
576
138
101
442
680
411
325
977
669
253
669
205
439
845
8
594
939
287
831
137
795
162
35
255
759
917
300
21
686
976
254
376
759
386
361
791
760
70
292
847
24
751
648
628
207
772
336
994
182
563
125
576
688
135
521
598
145
917
625
749
778
451
61
329
29
564
308
446
513
887
111
705
173
278
718
164
695
218
544
998
272
976
718
763
342
400
859
104
417
790
521
153
163
319
344
410
386
518
933
32
542
507
393
10
981
899
730
416
46
853
803
519
216
952
139
644
407
25
548
290
943
761
25
158
582
587
775
241
526
554
338
886
189
591
136
730
258
599
48
108
192
548
540
493
149
324
40
70
35
564
533
587
247
753
775
546
839
211
427
121
692
890
155
444
991
560
523
779
887
109
636
334
218
3
7
518
351
259
828
274
769
92
706
856
416
986
567
396
684
200
183
812
695
82
663
511
169
52
398
73
585
83
692
109
79
947
486
29
626
247
385
299
144
132
68
803
457
602
334
216
562
876
460
829
613
707
123
300
683
753
546
723
463
44
51
663
864
492
427
793
391
476
167
557
51
682
943
663
116
155
294
927
809
576
564
553
940
659
324
37
973
464
592
721
12
831
628
997
56
323
986
780
721
737
108
876
868
62
776
101
772
781
34
404
196
597
657
501
256
231
250
427
299
79
199
177
82
641
228
949
149
401
410
595
424
904
9
676
939
636
574
510
384
869
615
702
956
229
728
200
442
339
669
983
670
141
461
23
365
334
928
319
635
730
211
385
118
130
684
712
405
7
348
574
533
229
981
240
467
634
995
839
500
198
40
577
234
433
80
884
470
541
116
813
473
627
574
539
612
159
791
146
620
324
696
612
359
157
258
469
233
56
524
920
456
470
390
985
60
788
383
608
550
537
311
891
194
203
735
157
779
32
423
155
508
176
402
937
292
144
914
925
177
38
385
762
510
499
660
157
708
567
835
794
26
448
297
43
807
679
472
222
300
537
255
253
753
260
12
459
225
858
643
138
790
570
123
582
284
930
372
32
910
167
421
352
510
29
222
688
686
509
24
711
98
222
534
620
434
543
910
75
179
777
636
143
627
94
776
792
279
575
927
342
569
745
815
906
884
795
965
963
290
883
140
786
63
1
307
236
465
271
64
831
894
88
775
805
946
170
910
892
708
452
1
48
214
476
48
697
804
470
398
597
610
142
768
792
39
753
386
419
366
319
450
9
396
515
826
249
8
279
50
72
91
620
678
306
923
12
177
801
853
813
829
983
311
230
492
706
425
143
533
918
109
228
912
28
699
172
585
865
833
377
622
296
482
518
160
488
842
664
396
136
400
212
318
834
543
160
134
756
636
700
973
414
235
161
137
128
605
966
178
58
700
115
265
15
85
385
885
934
186
503
134
340
584
213
364
810
38
975
824
302
576
491
403
3
325
361
709
942
250
583
762
966
742
5
277
119
133
382
721
575
915
669
436
989
234
227
419
197
139
258
287
413
205
340
504
921
925
430
410
996
963
820
659
15
386
396
86
997
403
429
907
969
729
515
506
854
412
572
253
50
389
614
865
556
247
631
503
135
216
191
560
758
663
711
546
561
326
967
114
670
882
738
939
467
279
479
886
745
340
64
638
938
771
898
707
105
329
566
226
549
174
699
807
151
690
695
423
300
146
472
302
631
55
15
912
309
447
392
239
912
710
131
741
843
10
892
674
881
559
753
197
957
22
86
564
29
588
873
900
600
908
739
689
756
790
813
655
554
513
530
2
318
379
883
964
256
907
373
400
898
938
915
183
146
860
436
975
841
395
254
448
407
896
255
251
700
481
106
483
854
460
967
252
966
513
897
776
827
425
664
812
810
13
101
864
52
10
182
72
709
187
803
513
747
550
9
300
125
623
605
684
63
926
643
793
555
380
849
969
78
670
433
622
587
145
732
379
326
19
600
335
246
858
732
381
463
128
611
618
535
945
497
741
745
999
487
401
113
54
358
631
544
77
947
10
637
935
512
771
549
235
368
402
770
208
259
912
668
768
144
520
231
373
936
599
160
452
320
350
772
687
222
975
203
437
463
68
967
831
268
912
667
166
785
177
396
416
215
544
359
67
41
255
724
846
776
810
948
241
83
221
977
912
632
993
588
394
334
678
677
372
454
693
348
145
364
789
947
82
900
803
741
284
692
97
982
900
846
650
684
462
832
621
883
63
658
966
85
163
652
241
754
283
410
478
18
692
571
931
308
32
548
521
787
667
987
692
551
630
971
126
320
363
718
799
246
255
974
971
116
974
817
609
283
732
32
748
942
525
665
570
870
297
11
427
234
448
534
591
702
19
104
642
870
232
432
988
177
716
31
158
659
608
660
450
198
208
349
705
101
575
836
58
68
116
42
287
233
918
375
625
491
713
953
192
590
746
320
731
631
901
416
287
944
328
998
973
758
157
813
979
401
111
551
638
792
59
369
885
692
570
940
307
800
393
946
258
569
874
682
250
589
375
992
713
59
448
750
96
289
453
877
842
576
781
624
343
56
770
379
102
617
248
983
911
463
97
810
515
807
27
656
350
897
852
147
252
786
455
781
799
279
864
1000
804
149
557
290
878
763
754
950
571
103
597
936
964
656
853
529
142
761
701
281
450
845
353
962
173
390
808
308
80
838
654
949
217
597
80
832
739
361
163
859
32
490
217
264
54
16
755
624
534
824
258
798
699
11
951
400
40
419
363
669
539
910
823
161
304
158
360
60
758
997
700
315
341
830
199
274
387
600
278
3
802
8
201
534
207
964
506
54
945
306
490
565
902
703
611
31
556
534
788
191
503
759
54
284
447
693
111
949
119
392
347
290
615
763
260
402
913
56
924
53
761
533
11
902
66
307
907
40
687
269
177
711
391
394
550
492
578
480
128
816
31
238
250
898
500
353
919
493
501
489
682
230
591
530
549
515
621
695
880
406
607
244
506
857
58
689
248
126
101
572
711
563
90
242
636
949
704
405
153
153
656
36
391
685
954
422
249
890
215
622
367
934
780
521
817
653
918
886
419
869
109
13
705
97
884
778
685
422
954
488
789
480
414
126
407
618
601
914
806
332
587
669
75
586
488
224
913
27
403
906
152
334
439
25
206
980
112
544
559
566
905
365
927
418
757
988
432
598
132
977
920
14
626
960
898
781
428
715
76
599
632
382
499
399
2
744
372
692
154
110
52
531
147
363
848
136
207
214
247
569
846
557
247
204
588
538
140
47
484
683
73
953
280
698
140
936
725
748
411
273
281
833
207
386
941
986
371
8
131
617
294
812
195
694
712
680
646
884
49
29
19
421
785
951
447
99
945
887
461
487
665
913
508
748
194
737
537
135
531
611
455
313
498
561
894
177
379
797
507
208
789
864
45
403
107
975
320
670
517
989
244
762
662
40
4
132
422
983
868
562
652
422
150
774
721
219
448
227
969
92
312
181
584
580
268
132
673
233
40
42
960
396
563
2
12
225
986
358
95
657
819
151
892
510
739
478
465
945
159
713
547
248
773
460
259
987
723
308
714
642
831
854
729
396
68
166
988
241
933
105
954
27
693
264
206
914
291
266
507
582
30
62
996
605
831
364
758
614
858
928
517
769
792
618
693
353
72
635
828
442
78
89
106
464
833
231
709
631
727
220
342
622
439
483
254
930
771
319
498
786
151
589
265
91
523
690
562
523
308
477
845
897
208
643
240
624
901
499
427
938
9
671
637
297
279
171
607
929
804
316
258
261
476
447
825
497
543
192
644
558
250
223
761
8
141
38
673
273
645
172
274
27
900
73
90
510
162
208
594
3
686
445
113
930
575
274
7
346
813
373
841
911
592
612
607
909
836
833
463
135
684
86
61
692
524
918
456
787
380
410
924
249
49
974
879
792
655
128
443
4
635
651
170
923
158
585
682
905
672
560
26
760
394
449
229
801
915
713
992
165
739
176
266
263
34
386
16
349
506
533
403
145
853
866
52
957
367
1000
544
806
786
667
99
129
438
784
268
331
921
482
209
880
626
413
951
925
960
317
511
59
621
260
313
92
143
151
314
861
650
761
126
767
528
853
654
429
786
230
751
432
766
158
336
723
384
79
47
232
773
789
649
749
704
344
810
242
546
404
529
968
488
106
434
927
944
76
794
656
911
882
168
734
193
525
457
966
583
962
681
404
126
468
952
891
278
303
196
394
967
577
14
921
255
452
342
393
300
32
540
916
285
912
602
132
17
740
44
230
174
486
725
555
234
281
88
910
392
899
742
959
821
320
130
778
939
7
923
908
311
483
584
247
433
609
476
477
829
370
773
246
800
790
467
896
390
953
211
162
696
208
971
636
226
259
62
55
10
162
586
87
65
540
826
355
521
532
855
813
67
229
445
143
439
946
300
99
40
567
969
707
924
406
89
226
852
604
50
738
578
391
862
982
989
804
493
287
478
456
927
21
20
194
491
61
223
28
464
745
766
498
906
713
131
69
377
334
559
110
959
102
377
6
203
835
686
720
513
573
315
421
952
937
525
744
421
944
709
536
997
219
333
589
777
877
336
746
110
949
224
253
723
786
61
968
524
886
489
922
322
170
880
448
852
152
60
344
348
60
244
948
76
574
468
59
109
79
372
642
647
704
997
74
468
40
657
704
114
584
920
937
455
987
841
390
880
603
45
407
819
330
466
959
145
8
631
855
606
229
967
631
196
681
152
94
394
68
769
225
911
221
534
344
498
278
152
290
70
563
544
18
863
412
229
439
147
584
992
90
593
975
899
274
647
132
726
438
540
125
311
520
526
561
302
483
809
510
825
88
227
774
58
683
877
369
31
341
542
434
750
283
958
914
950
632
202
859
725
36
408
614
447
635
254
149
4
10
337
416
858
620
720
729
772
294
994
969
917
436
320
621
702
136
984
995
763
353
716
782
828
538
184
270
544
650
586
686
808
602
986
200
860
417
391
441
659
507
17
654
460
269
963
7
158
533
850
170
85
212
208
396
531
57
793
497
367
622
440
702
57
193
898
560
238
555
962
240
14
438
32
547
605
378
845
740
559
260
143
52
294
396
572
985
275
999
597
484
974
953
442
333
497
576
964
968
984
439
831
513
582
459
474
114
390
430
225
373
352
925
653
61
1
939
923
60
450
452
617
196
824
575
606
154
431
327
706
947
475
531
185
970
557
993
387
14
437
755
169
839
271
284
89
575
244
876
938
701
587
585
548
451
448
727
158
204
22
886
260
192
839
135
680
968
28
542
645
742
589
904
927
628
908
698
21
173
446
40
146
696
595
500
738
302
345
688
35
445
391
713
447
384
623
30
358
448
782
323
968
382
13
445
615
91
227
867
396
216
599
631
900
645
491
115
131
83
915
695
541
602
209
898
561
511
112
935
88
182
609
91
193
56
854
810
776
467
693
255
700
877
634
413
462
19
60
105
683
769
195
52
565
590
930
93
236
910
988
656
428
847
374
263
122
996
323
613
316
601
525
447
121
854
422
49
572
103
157
526
784
748
904
222
398
142
230
368
238
579
532
334
231
441
73
450
622
185
960
430
890
722
997
891
270
302
774
688
138
290
8
227
244
953
46
820
804
306
354
429
826
660
162
833
874
127
104
692
57
381
278
470
951
504
700
789
138
317
933
729
873
91
327
197
461
208
146
804
466
959
908
333
467
909
202
694
316
721
375
737
65
662
452
525
827
982
494
616
392
433
323
662
662
518
454
462
484
957
996
263
778
930
202
995
788
529
666
126
148
813
543
865
141
78
181
209
580
836
41
205
532
543
991
996
264
305
314
635
250
490
367
40
400
616
657
207
788
276
500
142
477
969
259
461
660
420
329
840
528
964
974
110
638
842
813
474
241
113
213
766
343
164
452
273
508
904
444
827
22
47
654
848
331
794
252
356
950
483
170
970
813
631
97
797
771
401
158
240
375
343
247
270
227
27
92
87
939
601
667
768
674
579
494
273
651
383
212
12
965
617
779
455
437
894
668
53
680
1000
155
651
424
344
998
499
789
369
780
190
299
616
230
500
604
21
270
700
483
528
948
625
895
890
519
47
265
904
354
322
856
530
77
998
158
340
184
958
919
936
406
253
882
223
445
371
385
192
260
955
368
3
980
117
301
46
575
360
626
702
887
167
17
989
941
365
752
22
872
736
688
595
664
546
575
906
44
309
730
431
744
135
997
551
733
507
575
64
920
661
213
671
790
86
522
616
736
576
122
339
544
377
692
953
993
759
555
93
949
664
841
974
174
920
836
286
507
677
247
706
129
76
539
679
696
91
338
817
610
203
931
162
332
1
952
494
979
546
653
284
859
113
695
412
303
179
755
409
747
882
601
510
640
245
93
921
119
170
849
686
924
636
544
867
357
691
665
165
970
485
242
491
869
814
319
937
642
514
139
625
122
844
553
759
721
150
655
549
45
271
543
260
463
492
653
368
437
423
767
960
707
762
786
118
856
694
993
881
875
958
348
345
885
504
818
844
606
889
113
862
203
438
990
663
190
981
551
447
685
515
759
720
647
89
589
286
290
459
52
66
976
882
841
904
374
720
984
9
453
295
614
444
881
377
717
474
273
684
328
869
735
590
685
862
51
47
902
72
375
114
693
926
282
573
394
455
887
874
928
357
858
57
74
871
866
643
646
352
67
323
961
816
476
974
222
205
140
594
280
560
628
523
868
552
986
764
726
923
874
218
670
70
93
935
615
704
963
812
683
351
788
545
239
61
691
925
148
727
461
269
780
552
679
733
337
132
85
787
519
787
916
806
117
963
17
90
904
642
319
653
634
172
717
683
181
98
186
883
269
933
298
791
229
829
973
236
955
184
740
209
666
522
798
402
961
450
697
55
509
635
298
497
863
410
483
799
52
515
619
627
534
897
380
368
115
949
922
452
243
507
880
415
716
437
648
358
136
518
386
712
841
513
149
48
877
629
649
668
70
440
352
260
47
880
341
206
83
442
408
990
146
841
322
510
315
8
731
131
124
927
515
153
889
398
287
375
308
787
739
460
802
517
62
879
262
245
2
698
415
820
150
64
567
351
747
906
86
460
751
134
92
808
795
585
766
531
689
533
76
742
724
770
821
891
56
29
86
740
822
181
834
39
454
372
426
95
493
450
718
424
688
530
52
467
961
673
849
815
748
820
686
78
207
784
361
712
792
416
5
861
983
453
826
423
472
197
280
234
399
41
186
158
80
276
80
717
167
586
847
243
404
709
796
259
628
600
872
732
434
853
410
811
116
329
653
780
674
295
495
639
448
623
285
443
387
903
889
112
26
668
129
403
682
514
539
758
847
910
492
868
141
260
694
992
37
90
26
689
603
8
106
891
282
964
714
772
489
978
212
993
761
482
633
793
650
194
455
304
30
317
944
241
574
914
206
140
690
20
689
882
181
169
706
444
996
394
843
446
41
284
469
420
206
830
816
404
209
121
458
954
753
990
15
529
475
951
637
909
364
990
607
166
107
993
263
824
242
816
617
311
21
632
981
644
814
659
634
585
43
564
76
513
633
982
137
551
183
55
776
728
706
252
502
409
856
728
349
620
303
642
349
83
532
647
372
597
438
184
358
926
142
991
195
394
395
60
251
506
86
822
462
648
203
878
832
106
168
221
978
734
270
392
609
592
244
294
818
940
75
259
45
458
303
391
301
24
100
577
409
231
379
640
158
219
296
683
816
297
162
828
471
763
885
598
803
833
804
676
546
480
313
486
435
566
259
109
964
70
998
938
546
853
602
432
59
312
5
753
954
970
822
83
359
264
153
674
43
39
77
218
688
863
190
961
27
3
692
415
737
348
413
608
216
673
908
973
996
129
990
793
601
489
695
58
670
993
327
79
732
289
466
966
2
523
902
909
44
472
133
632
889
768
113
54
293
846
688
938
294
6
713
299
419
320
538
509
729
291
655
553
481
275
738
823
272
513
1
364
302
437
448
349
243
869
810
923
236
424
926
43
462
428
977
709
915
606
756
351
721
184
955
718
401
756
140
98
195
456
200
797
567
14
716
208
119
492
381
345
577
221
705
270
959
712
4
362
80
269
297
306
114
950
778
681
528
785
514
205
484
95
140
538
1
431
58
625
700
841
396
40
508
475
616
897
719
969
528
977
950
337
748
611
742
533
744
42
614
100
254
749
149
286
41
661
510
541
594
684
326
873
10
820
595
984
285
566
64
312
60
210
632
749
504
62
831
342
183
351
136
50
511
798
245
30
30
14
628
198
799
312
601
38
590
982
47
103
639
315
196
286
332
720
70
503
80
455
709
725
259
546
980
360
835
96
998
741
957
982
363
282
756
486
857
286
156
12
601
682
992
806
293
368
319
182
326
200
528
10
146
575
39
554
862
693
985
358
441
772
429
251
185
471
188
949
559
469
197
739
670
527
758
245
921
297
883
833
511
327
455
879
321
184
683
864
536
54
8
234
211
263
111
240
397
779
552
471
144
299
65
789
323
472
694
181
106
715
155
518
525
415
126
545
99
955
899
221
89
687
645
545
266
3
581
633
577
565
644
496
90
527
273
951
72
193
789
95
339
631
181
709
476
803
104
639
63
798
349
710
177
914
373
903
264
225
423
597
191
71
659
771
644
631
476
779
59
35
36
128
551
726
112
898
978
737
108
666
827
768
932
956
212
690
926
180
423
783
618
846
907
331
583
83
744
835
878
931
296
117
250
766
511
699
277
68
935
156
680
536
963
390
847
97
309
266
299
217
538
640
969
156
932
940
998
489
504
884
695
123
731
820
678
251
860
308
861
995
422
972
879
426
931
58
721
377
130
291
705
359
117
121
682
109
677
446
361
156
465
337
137
505
58
828
520
200
646
15
483
346
191
535
214
24
262
859
265
710
743
315
730
446
804
684
494
250
965
441
411
313
362
521
110
199
439
299
559
91
477
87
464
566
359
630
409
649
620
903
970
431
975
520
574
769
41
55
421
302
173
29
250
635
97
740
246
663
314
250
226
535
491
296
214
395
784
525
610
438
700
441
792
211
817
371
536
183
776
718
847
399
613
461
298
225
815
104
95
635
769
950
897
579
633
240
462
326
820
349
287
592
222
810
63
110
143
667
116
74
126
486
198
688
914
331
883
875
98
483
11
472
483
14
117
977
610
72
784
587
321
140
683
262
715
946
213
772
528
323
844
594
112
770
247
445
324
5
59
58
105
367
2
746
428
227
664
737
199
127
993
174
213
529
71
316
495
374
569
382
396
38
860
85
607
100
355
943
794
338
7
209
181
770
94
383
953
827
528
641
107
696
290
401
44
235
735
723
687
340
498
248
581
221
558
261
41
81
836
379
486
882
977
808
525
843
634
551
498
419
997
782
709
307
284
576
138
756
12
22
347
860
415
735
222
679
916
804
614
559
373
753
364
78
373
736
851
293
662
960
590
8
308
415
354
970
847
317
370
193
596
479
177
46
389
22
687
613
501
581
690
27
217
137
673
419
116
694
636
779
906
658
392
381
219
368
364
382
750
386
148
86
718
523
754
541
634
785
126
597
669
597
461
474
152
436
283
797
134
251
251
813
135
878
308
626
816
393
700
665
605
442
981
643
3
82
212
913
712
350
256
790
327
733
644
527
271
465
997
986
676
920
971
870
41
790
976
220
121
160
370
702
891
859
310
698
821
613
302
699
676
250
282
816
382
364
216
304
697
402
587
785
998
213
810
691
854
992
644
962
425
746
986
158
130
779
722
220
225
571
31
491
232
103
912
574
112
667
229
1000
606
529
907
146
537
553
316
316
764
228
409
930
540
123
542
893
410
364
134
900
83
786
862
541
404
499
379
970
263
517
452
163
526
218
633
752
153
42
188
52
173
564
672
229
968
161
610
50
380
504
11
12
79
323
194
339
293
794
963
369
870
223
66
648
51
653
641
649
551
201
792
81
177
572
265
294
286
347
209
315
208
382
601
632
220
194
840
765
301
91
83
660
459
787
738
246
869
365
569
269
280
436
853
675
82
994
777
312
257
934
578
85
919
667
464
509
804
718
632
876
637
297
173
371
388
567
621
679
394
910
581
582
991
983
562
764
256
493
66
141
843
860
988
349
369
312
999
160
987
122
216
657
277
325
402
568
113
129
74
179
188