626
29
475
496
327
418
162
26
717
520
267
414
168
245
759
838
478
289
758
734
66
990
40
778
974
416
311
605
135
183
455
326
477
46
26
89
736
803
200
918
898
584
681
835
755
579
400
43
50
304
736
306
354
558
192
589
43
801
366
246
561
625
303
473
588
871
171
485
531
836
910
2
215
260
646
957
810
612
332
412
585
354
399
3
676
925
993
234
874
702
91
47
872
954
963
127
738
976
367
509
316
128
818
746
597
576
261
65
437
553
649
433
417
52
160
784
148
910
592
887
54
467
113
901
954
813
332
272
52
890
986
365
647
29
231
721
925
568
839
928
252
34
723
48
555
57
899
524
723
140
262
255
792
895
474
600
436
476
159
295
595
809
933
589
879
290
435
477
508
522
998
871
130
227
473
123
204
473
752
695
101
382
437
248
604
904
524
909
843
261
938
247
527
81
231
465
880
970
400
902
55
312
857
859
585
239
562
965
597
946
568
182
675
479
118
912
789
543
744
922
666
494
150
241
975
904
716
187
255
507
665
662
931
779
284
43
864
944
75
284
57
208
476
526
213
181
739
545
39
134
80
876
847
500
865
503
558
503
854
217
322
669
423
540
667
512
729
855
906
4
464
537
234
282
170
157
423
238
872
292
123
824
152
271
434
963
797
607
593
639
809
918
899
175
162
34
339
743
36
349
775
488
95
102
709
97
677
169
798
209
652
398
479
543
660
195
311
209
47
800
823
743
491
571
369
836
900
662
779
3
871
69
574
593
821
614
538
536
974
132
570
430
72
292
919
103
622
463
967
991
832
499
849
880
505
530
165
652
202
944
993
907
511
343
836
84
94
622
139
986
80
575
648
485
855
387
64
187
381
749
211
445
199
290
876
591
214
485
708
273
759
541
123
132
496
25
223
357
164
759
830
106
346
9
624
215
131
865
189
107
493
731
871
366
576
251
880
44
599
244
858
777
384
562
88
590
381
56
411
509
111
160
839
787
393
821
814
730
542
27
426
785
507
616
464
610
688
248
533
442
605
979
205
706
413
744
670
180
484
859
469
418
668
611
995
369
857
797
186
359
101
939
72
364
813
80
286
712
605
988
730
718
669
597
223
182
47
620
492
608
894
872
925
402
99
711
934
178
588
954
637
880
24
84
741
821
279
166
104
977
39
883
958
352
269
958
884
422
645
66
421
444
124
397
575
566
304
240
431
536
584
627
716
499
277
364
307
513
200
87
788
495
559
394
986
705
272
5
658
481
890
89
952
90
566
308
111
7
87
748
50
186
336
151
39
304
110
927
789
91
871
527
386
495
242
578
852
113
809
729
158
656
58
309
355
31
396
148
161
907
748
513
951
724
165
186
203
42
934
95
963
2
607
965
690
941
497
604
751
491
30
66
889
360
372
125
759
161
346
258
482
644
529
932
265
614
727
208
398
823
612
505
544
493
841
428
592
946
323
126
614
635
392
186
176
814
778
607
310
615
452
604
633
749
45
454
959
405
489
419
441
925
308
558
79
951
123
377
921
939
714
487
355
924
597
289
596
561
501
462
513
470
564
662
464
372
170
922
199
275
240
785
563
955
372
55
626
466
746
902
840
333
299
227
18
898
728
278
690
104
949
295
302
502
868
977
218
997
677
288
927
31
94
166
524
558
992
390
324
154
155
359
712
225
138
747
926
995
575
642
559
900
21
359
146
433
640
2
508
385
447
126
251
499
269
480
214
636
642
998
272
56
275
939
553
548
756
599
710
220
422
285
933
774
977
87
596
655
599
218
504
986
6
479
599
486
913
229
324
53
566
850
748
483
473
277
568
799
513
996
679
430
557
243
328
838
771
938
896
917
856
979
473
939
995
168
918
384
916
35
754
176
188
143
792
106
790
217
377
117
6
919
385
252
476
329
307
186
486
498
295
810
725
171
309
689
354
137
162
702
964
849
356
605
864
821
857
480
694
185
161
995
67
993
218
886
338
317
311
714
664
718
105
701
81
892
694
437
657
949
772
884
343
313
508
513
582
303
241
717
770
792
731
49
287
649
552
705
950
404
875
68
804
338
776
62
576
551
800
379
535
951
122
362
145
589
546
337
295
571
803
399
689
909
114
115
629
123
697
102
492
411
901
517
673
209
532
519
554
140
883
124
166
417
499
842
947
761
565
567
488
378
82
596
574
201
623
334
337
394
628
442
198
254
791
91
57
353
88
512
824
224
599
86
41
944
456
954
811
468
830
221
941
297
921
308
755
347
218
3
1000
416
652
733
742
275
148
252
549
952
408
89
278
336
564
617
894
174
804
75
36
660
305
650
442
574
339
265
895
609
417
961
289
893
381
924
587
351
297
340
635
144
780
281
296
395
318
234
237
378
77
801
228
193
261
80
753
222
622
84
790
19
143
561
200
675
251
413
609
230
541
169
459
263
272
602
744
375
934
752
338
784
211
778
756
324
539
477
488
102
296
151
509
613
433
832
239
198
121
848
64
862
58
983
500
443
437
292
323
987
996
70
420
546
304
263
352
764
181
1
490
280
416
889
6
854
359
527
822
945
148
963
825
607
330
753
863
458
476
36
860
467
501
771
860
104
531
996
709
716
680
604
440
146
355
212
207
699
181
473
835
855
909
758
76
918
716
677
539
990
125
893
26
442
13
689
651
546
702
229
154
156
539
79
933
148
494
868
312
36
249
380
909
854
724
122
460
395
603
939
564
608
682
253
537
143
624
533
69
29
190
211
435
505
19
694
145
987
960
414
248
481
942
191
66
204
262
41
916
346
630
964
16
414
891
875
811
462
234
649
187
214
138
997
817
656
590
594
431
528
331
242
852
915
379
382
525
218
960
189
605
883
418
328
284
367
782
299
913
256
576
89
518
960
197
856
559
470
502
852
98
739
169
178
331
215
17
669
492
417
358
507
95
558
581
514
423
465
166
475
400
1000
217
324
282
268
668
259
599
698
431
34
515
194
628
311
229
89
67
273
625
268
863
903
471
598
640
250
496
651
9
525
807
297
83
699
765
67
956
614
481
28
764
931
161
935
286
252
248
186
819
533
669
146
848
421
46
40
906
170
857
225
503
803
891
732
911
227
399
141
467
390
781
98
203
809
3
899
570
150
727
719
70
529
187
200
694
317
865
574
199
642
400
15
356
376
728
43
915
930
557
428
918
982
111
703
160
162
639
220
535
351
506
487
936
71
882
555
177
867
681
806
774
429
45
632
66
576
163
714
376
217
942
89
110
875
761
95
599
708
480
907
92
300
599
969
756
696
240
427
586
450
349
837
835
928
498
700
235
46
241
395
274
117
487
805
969
394
132
772
120
623
602
233
315
908
527
808
584
340
56
141
722
754
667
581
741
755
268
920
786
954
813
511
721
755
635
168
286
394
738
581
41
44
120
882
226
893
785
736
80
415
789
536
899
12
386
115
726
875
964
298
20
21
122
236
45
954
732
461
545
723
29
14
742
334
152
237
592
801
613
391
580
46
528
5
365
293
837
181
815
812
714
948
763
651
581
289
39
141
459
177
326
183
828
852
367
118
429
921
501
134
458
923
543
849
261
66
606
325
227
392
661
45
522
34
43
508
704
483
735
936
949
615
936
488
556
297
840
507
395
660
53
500
817
857
792
760
212
835
851
209
670
916
373
46
465
704
932
219
243
269
181
400
96
144
880
348
879
331
817
922
44
723
987
330
418
905
460
46
278
466
384
309
560
78
346
994
354
480
529
864
510
947
945
702
199
12
921
497
236
225
772
420
772
250
799
466
109
852
558
882
162
918
667
97
167
438
541
807
257
521
229
831
863
576
962
398
880
37
304
367
101
143
141
924
758
836
705
715
951
640
176
855
689
286
715
802
258
227
264
711
843
123
706
156
709
38
899
238
547
800
903
872
598
314
48
411
126
182
822
4
49
771
302
621
120
869
901
304
418
664
125
982
300
542
14
846
389
521
118
824
866
839
618
318
999
580
699
989
560
411
14
984
573
315
736
195
290
326
688
766
635
100
668
340
795
382
274
875
988
965
722
564
540
524
401
160
860
1
570
801
40
374
663
391
578
299
737
926
979
26
913
401
643
819
523
11
1000
804
709
647
529
357
715
953
783
871
998
906
537
936
891
573
537
528
708
7
13
742
416
642
408
998
423
98
549
353
294
755
353
100
327
780
98
328
773
308
190
926
569
207
201
317
885
720
526
64
55
440
553
31
674
739
942
638
417
253
493
894
650
961
676
790
406
351
303
816
522
202
401
239
399
719
417
617
201
42
557
55
431
424
520
80
829
274
494
102
376
229
485
485
472
954
776
153
536
724
86
121
539
706
368
97
633
511
181
768
321
95
902
706
360
470
196
869
900
969
790
801
2
516
242
2
385
83
511
528
894
433
546
590
931
144
23
165
908
986
250
957
719
933
239
636
614
587
885
601
542
869
429
23
421
559
725
648
288
260
661
4
144
731
593
234
432
444
770
986
722
841
120
192
742
403
424
489
857
707
50
474
844
948
890
945
165
193
433
408
300
95
233
730
723
109
404
975
896
997
399
109
941
381
195
456
115
345
875
206
39
393
13
333
338
66
929
592
717
721
58
761
988
305
73
582
954
985
90
346
489
896
466
929
26
63
189
131
175
382
457
730
841
138
954
681
539
939
421
634
426
653
177
922
371
835
865
885
564
756
31
80
577
357
317
237
247
151
125
564
527
750
161
142
107
936
11
204
642
423
958
284
888
66
844
277
572
650
875
488
187
350
435
605
578
507
249
534
773
552
740
948
796
261
999
321
809
736
723
75
668
430
747
314
867
136
737
575
537
596
741
676
865
133
496
925
208
817
467
226
97
567
483
698
20
717
576
566
995
190
381
637
127
744
785
12
809
950
463
732
303
54
881
615
4
964
645
489
179
389
611
653
854
481
549
13
988
38
195
441
244
663
520
721
105
201
947
950
648
39
124
294
681
645
188
417
783
113
414
777
440
389
50
89
88
176
616
658
140
711
976
153
93
228
89
708
972
395
443
815
954
836
289
825
995
735
206
717
171
285
196
85
248
201
281
955
369
224
787
404
288
422
647
171
874
715
160
88
120
997
614
268
251
750
345
722
770
994
319
474
207
785
383
236
442
33
830
878
946
398
359
879
1000
169
914
986
791
820
563
669
610
833
905
814
872
960
387
611
208
582
184
697
729
564
68
54
473
282
847
658
966
721
320
975
548
539
822
429
995
159
593
568
285
893
520
350
268
129
566
977
62
755
303
57
486
982
603
820
419
850
142
557
962
875
288
365
478
350
380
307
69
440
560
806
514
194
419
475
344
454
78
798
213
157
365
559
309
468
522
53
113
187
613
986
861
304
188
913
262
671
278
135
82
435
321
242
922
183
503
600
447
266
332
219
229
378
779
520
140
632
766
453
643
865
168
619
573
161
787
390
855
882
553
699
999
288
710
396
701
728
22
590
441
585
290
791
86
601
463
472
881
758
52
639
790
85
947
785
227
377
860
753
344
803
597
103
738
13
934
230
651
636
625
171
976
690
275
191
515
911
816
680
852
754
662
331
474
56
249
742
84
560
957
944
369
161
91
812
682
455
575
910
904
124
92
276
520
351
619
874
12
964
845
93
887
510
921
198
720
675
681
38
810
333
46
79
615
400
962
984
331
89
764
403
3
836
296
420
149
159
607
567
179
705
217
244
386
824
826
405
473
464
119
733
530
733
267
278
642
863
484
183
748
543
443
87
591
677
770
824
502
316
740
97
207
927
521
248
420
403
217
637
277
698
307
779
819
401
620
223
254
607
540
569
224
195
518
252
602
70
633
137
452
276
248
853
591
554
205
844
607
781
168
104
535
829
537
747
145
146
929
652
890
526
407
827
290
169
466
609
22
897
109
449
162
845
600
340
288
506
482
858
307
984
533
494
726
184
887
681
121
664
811
579
570
260
881
750
251
153
545
831
231
92
227
991
44
976
403
408
740
247
244
621
886
239
335
594
74
719
379
920
628
510
681
80
65
153
579
502
162
175
171
377
305
434
887
372
76
678
954
489
132
782
348
375
177
131
456
907
385
948
954
988
498
30
854
3
757
264
883
457
351
695
863
663
626
468
89
686
168
835
539
688
742
547
574
404
349
191
783
653
473
627
4
816
579
961
956
699
786
518
936
692
726
197
434
993
366
328
880
848
604
458
203
930
17
184
990
794
210
847
935
108
152
544
852
466
505
997
190
276
377
45
118
493
307
221
33
17
328
497
783
333
801
877
318
697
924
890
600
118
139
350
73
495
66
726
744
424
447
598
292
664
110
109
242
370
105
177
252
892
738
482
602
15
218
373
701
548
947
952
675
521
172
31
36
886
233
49
153
359
737
827
663
711
284
544
716
924
604
419
56
955
368
119
668
199
259
354
382
488
724
865
516
936
708
479
365
633
631
897
721
335
845
515
788
408
863
686
493
733
90
139
693
720
866
324
500
666
88
771
809
481
359
939
209
98
563
168
739
955
225
287
245
484
203
327
151
462
656
77
351
213
877
554
885
356
987
822
861
170
308
743
845
988
157
872
772
703
496
226
707
118
273
461
99
325
481
257
186
635
988
832
601
204
267
554
39
970
210
470
710
402
258
266
315
967
585
176
48
324
336
465
554
865
228
540
524
181
187
994
868
645
562
103
623
240
545
878
838
461
155
420
680
345
160
436
197
861
278
694
338
655
444
735
510
711
468
448
544
96
16
594
756
169
208
897
547
807
468
46
554
630
589
294
240
468
403
921
31
741
659
693
45
238
880
243
829
398
379
164
504
146
351
4
256
463
635
431
915
734
920
625
100
746
93
436
982
893
506
627
493
331
3
840
473
951
587
262
68
81
664
778
198
426
654
950
716
352
421
178
315
149
176
343
728
312
532
272
522
972
61
250
217
280
826
336
222
167
312
357
324
279
296
383
863
705
746
239
127
305
835
471
204
561
755
719
729
753
450
223
928
993
772
656
739
472
527
351
932
466
551
7
306
549
266
622
990
888
875
755
693
680
521
428
717
340
101
1000
707
519
88
911
468
549
36
123
452
178
388
208
352
865
690
713
32
586
555
961
919
759
239
706
167
363
89
214
241
246
614
96
88
200
750
736
459
851
188
950
21
129
655
871
952
957
549
115
799
773
774
703
775
4
813
51
941
155
728
155
64
385
458
101
276
720
362
386
93
962
636
799
657
856
889
302
717
324
285
242
834
531
423
414
827
722
599
315
162
84
159
779
33
860
157
357
4
871
5
799
276
39
231
640
226
112
86
567
862
127
730
189
171
166
801
463
869
303
266
225
941
853
570
36
518
981
674
851
167
379
80
936
977
737
549
772
718
304
275
177
672
162
288
443
593
101
740
130
780
831
975
274
995
974
734
673
750
647
955
153
158
897
225
859
874
36
372
38
237
434
988
178
761
535
605
160
757
890
846
302
328
156
89
112
832
658
723
640
463
199
96
325
257
206
434
784
370
189
717
833
985
812
551
9
113
41
69
168
666
840
712
602
949
752
289
494
313
135
955
761
64
445
794
912
853
149
726
208
976
896
35
786
631
559
893
535
687
954
732
338
311
206
579
809
630
428
359
917
154
325
202
845
466
960
14
130
914
193
438
328
758
193
719
219
631
552
108
648
931
512
460
166
688
384
571
222
532
184
345
984
412
683
122
506
755
275
187
944
819
338
875
738
142
217
270
989
940
519
879
217
923
901
122
654
502
904
799
156
74
150
698
748
381
545
311
395
948
617
819
560
285
811
154
876
273
981
632
205
534
794
649
753
48
232
39
104
389
26
288
899
601
57
700
139
639
700
797
647
948
879
740
400
379
320
207
756
953
422
878
125
741
282
373
985
724
987
614
230
233
361
89
170
775
455
436
17
398
696
785
687
896
407
487
914
572
719
643
591
743
782
217
962
225
576
552
652
736
358
468
989
427
707
230
80
22
996
457
654
783
487
837
344
493
234
332
366
528
952
181
159
530
955
228
812
452
714
505
660
909
470
776
191
301
271
477
990
61
105
320
759
654
408
129
864
92
726
79
275
970
855
918
990
653
282
452
75
550
208
529
857
463
191
91
413
225
912
56
504
748
373
570
314
293
69
347
988
138
638
491
580
607
286
198
437
427
734
521
188
448
279
921
964
802
828
235
579
520
823
703
584
479
374
877
187
437
425
830
658
361
406
334
449
562
568
916
679
244
963
586
898
230
430
929
617
860
358
553
550
749
608
505
109
504
602
853
6
788
695
778
267
461
831
441
62
764
939
14
51
82
410
434
172
567
954
357
497
965
980
221
879
225
476
868
907
657
882
719
240
978
265
66
367
327
320
254
53
30
237
730
729
818
670
937
590
821
642
892
761
789
389
723
331
743
184
258
124
408
601
861
65
743
551
471
482
210
667
612
981
80
613
773
281
12
119
56
749
934
39
137
181
864
366
557
830
596
53
758
734
616
39
375
378
588
222
634
218
70
667
901
996
671
933
553
692
484
173
376
783
237
773
77
267
126
384
821
262
88
38
384
704
850
813
29
639
936
512
171
635
693
978
797
414
767
371
964
539
353
761
983
382
979
82
401
175
483
81
27
563
419
234
64
14
782
668
279
408
327
899
410
648
705
95
351
706
460
607
211
536
402
314
374
46
118
16
361
699
726
259
835
502
470
174
153
469
300
575
962
937
735
805
196
500
778
750
57
710
45
195
501
114
527
264
609
477
694
426
201
888
729
724
626
83
415
117
144
131
888
186
288
467
815
325
782
541
856
934
347
542
863
92
70
994
639
781
343
497
397
832
387
926
392
601
311
263
887
521
603
608
859
506
727
911
900
906
709
978
683
522
771
781
343
124
564
221
345
13
36
203
785
645
94
213
530
604
16
315
281
799
613
498
412
540
115
517
142
399
316
288
337
962
551
882
361
430
753
409
538
181
337
419
575
153
293
910
769
65
995
632
987
945
139
721
976
102
407
221
612
44
75
922
654
617
664
953
261
344
657
71
333
443
447
700
200
819
598
565
423
301
128
565
750
448
898
308
602
176
48
22
278
371
894
168
677
788
159
684
345
649
711
487
576
171
351
437
596
957
724
748
664
9
545
150
493
26
151
921
457
482
123
246
938
776
497
347
823
168
201
461
963
955
870
302
832
263
493
54
389
888
614
729
683
569
824
437
898
314
721
230
168
164
539
745
175
736
651
816
943
110
737
613
319
789
74
322
27
472
675
217
874
363
666
634
136
212
134
806
73
38
797
7
54
708
461
700
108
869
817
666
615
1000
27
783
672
903
720
74
420
909
149
91
508
442
833
36
84
988
37
228
919
800
99
301
734
927
986
198
645
100
201
337
751
181
649
183
622
756
246
89
835
537
79
475
778
56
552
421
151
995
861
842
848
800
466
494
173
133
848
481
922
126
643
155
992
249
852
785
898
843
193
942
204
494
100
91
196
556
791
521
346
267
545
99
578
159
184
156
2
151
884
531
825
34
843
316
754
354
11
933
969
643
400
812
209
784
120
274
577
470
926
536
304
548
2
635
687
429
308
482
910
103
511
106
906
915
132
227
743
203
585
120
357
144
178
71
290
631
807
232
940
171
191
444
367
623
72
566
14
229
426
793
359
211
603
434
756
506
838
27
780
331
482
714
808
918
7
763
583
327
316
679
150
342
974
360
872
595
638
311
140
632
800
477
407
207
223
244
757
873
183
888
322
112
277
296
721
103
330
861
523
372
252
603
659
30
144
1000
129
499
586
121
24
950
632
653
699
334
747
649
941
17
404
935
921
740
191
974
716
310
789
313
790
894
2
116
214
341
60
789
82
174
762
184
143
758
180
938
209
286
979
476
270
41
755
246
905
461
723
59
12
401
996
936
725
941
278
395
239
777
68
496
88
622
317
93
919
139
998
846
688
932
572
289
608
462
237
831
280
875
107
153
721
59
20
322
682
828
193
918
514
650
311
539
941
745
114
783
867
495
844
199
412
548
485
856
564
852
439
349
400
322
200
430
884
599
792
47
877
204
22
878
775
847
942
530
80
24
128
624
56
235
551
495
655
988
33
58
968
332
533
904
826
299
620
901
886
79
629
927
711
454
824
148
281
731
411
407
913
756
487
238
374
879
852
96
224
745
439
866
94
791
687
678
325
424
9
9
594
43
98
131
645
763
871
517
976
650
360
891
720
540
66
975
7
994
390
836
805
864
857
923
851
884
14
220
200
958
385
919
750
387
957
518
139
397
872
308
703
605
672
360
473
557
353
508
948
239
699
588
524
284
681
640
294
680
888
911
898
20
733
812
221
152
957
802
217
750
83
84
368
945
174
818
261
7
656
104
630
820
684
302
708
661
920
901
324
334
761
899
677
305
35
168
969
432
791
444
719
161
635
70
506
842
2
627
65
930
834
822
765
698
800
900
520
234
5
381
551
440
607
94
436
971
240
662
159
316
65
249
437
702
909
67
358
270
901
126
743
970
62
624
571
52
843
737
806
562
904
557
637
459
213
998
259
225
934
329
879
328
451
503
541
512
67
601
616
385
545
414
9
637
735
792
462
272
229
884
652
26
384
881
386
856
847
419
491
923
908
420
683
166
1
589
800
845
101
461
701
408
184
681
477
873
288
601
421
783
553
19
332
753
679
454
50
800
798
740
781
82
824
545
365
631
364
81
50
657
937
928
407
782
530
957
730
922
784
570
127
536
502
196
218
619
762
113
693
60
726
252
32
618
519
13
848
373
267
796
492
773
473
48
543
66
358
174
136
472
668
237
195
690
584
778
386
5
108
93
762
794
487
344
742
115
365
836
966
414
533
32
6
709
176
661
738
227
318
289
409
90
361
823
143
144
793
819
860
668
821
776
247
481
541
329
348
608
913
146
636
877
540
757
481
551
326
50
776
717
790
847
972
264
18
98
384
19
750
386
501
905
449
321
71
923
785
212
705
214
696
15
832
818
835
755
799
392
885
854
584
307
565
712
402
188
546
925
563
966
233
321
40
74
154
651
331
70
939
311
880
318
787
67
395
760
374
434
162
973
401
256
842
994
419
472
891
829
554
735
802
325
891
884
507
199
609
393
789
474
456
66
313
19
419
655
206
163
696
982
648
640
840
756
336
791
393
924
851
402
407
146
54
526
88
836
153
362
271
326
593
339
201
499
335
860
619
974
375
816
132
155
758
615
788
808
183
170
243
435
879
757
386
722
342
120
290
302
826
499
538
516
180
674
547
166
61
141
968
553
600
501
332
973
674
111
716
896
986
833
767
151
54
537
758
117
349
742
567
218
576
366
878
125
80
950
597
412
995
847
661
830
279
123
315
359
178
945
458
959
904
926
665
874
716
400
142
506
353
575
732
454
980
776
205
317
210
864
786
219
292
878
354
936
808
859
529
319
837
8
759
357
592
490
97
48
482
950
793
603
864
992
126
328
778
581
558
757
297
291
881
949
515
149
14
138
360
132
906
977
207
81
974
202
351
608
549
134
627
92
639
499
383
539
297
146
655
19
619
135
975
101
852
660
142
852
747
316
120
308
392
171
756
139
957
602
904
63
63
374
379
663
596
585
375
543
463
845
322
548
948
931
648
53
137
985
343
389
691
478
529
55
770
194
582
234
515
80
898
638
796
112
106
426
672
469
674
347
790
232
333
138
721
763
519
646
915
704
264
94
570
560
609
163
995
349
441
687
677
282
149
39
871
353
925
554
747
515
140
112
879
759
262
250
862
9
296
574
950
569
541
462
293
544
131
972
77
922
676
377
295
980
440
156
936
144
915
935
872
301
991
293
260
511
377
868
72
749
49
238
965
915
625
981
970
93
28
49
673
828
326
468
98
155
717
566
755
885
552
941
459
876
347
245
83
765
355
252
827
306
278
758
939
716
164
652
343
294
678
426
882
449
743
10
918
30
780
175
690
186
239
182
536
350
169
610
551
240
842
178
415
305
631
503
612
963
391
128
820
362
252
795
318
179
238
932
637
446
750
271
494
658
833
813
480
736
658
837
573
59
794
218
938
37
885
204
995
358
1000
161
682
734
587
221
283
466
641
324
30
443
692
320
110
478
202
686
956
848
72
573
279
494
390
919
665
421
947
813
833
16
513
36
461
382
628
461
231
294
882
217
525
904
857
943
156
391
999
182
428
261
326
105
88
168
52
880
329
657
551
911
419
435
752
438
692
260
80
287
959
854
27
449
122
229
810
356
872
182
588
65
687
780
993
336
230
760
867
747
503
578
293
514
44
394
865
817
653
245
996
495
639
838
233
839
130
681
973
385
12
604
657
3
588
163
114
119
783
795
54
43
181
479
484
791
380
351
717
171
175
265
988
90
859
387
269
787
208
989
440
210
918
109
491
54
358
227
785
389
171
732
37
519
372
752
273
103
376
705
594
905
88
462
375
499
954
504
699
818
306
692
516
482
696
498
646
840
652
468
260
791
140
764
767
85
200
307
541
911
366
829
267
962
895
918
744
826
458
648
352
38
444
477
820
454
236
474
860
634
896
740
374
645
71
815
62
816
959
586
199
554
337
154
178
928
762
757
496
158
631
773
714
924
637
467
157
433
804
883
910
886
670
713
748
255
492
955
391
300
793
191
179
201
604
154
845
572
746
622
822
606
715
961
739
388
88
684
172
591
332
432
510
414
299
244
281
821
922
774
949
163
925
418
329
571
21
439
367
912
274
374
912
73
105
665
661
828
155
716
113
872
562
660
437
519
670
364
702
222
916
754
23
379
744
519
553
279
640
686
616
436
819
579
359
178
844
977
689
518
974
95
220
87
78
564
93
347
542
335
621
450
718
597
655
955
345
947
750
916
221
634
868
937
406
57
798
923
541
840
293
962
315
153
192
128
901
171
368
749
304
462
55
163
669
337
844
723
970
557
409
387
198
440
289
775
395
995
486
473
220
563
480
681
504
631
981
779
74
715
24
234
722
871
242
133
808
678
766
309
530
574
799
857
708
62
283
339
212
764
727
442
123
701
975
323
793
88
652
910
73
406
846
473
926
692
197
542
195
265
963
255
62
328
716
50
540
587
113
949
705
446
657
387
166
554
883
386
764
232
853
477
646
246
707
620
941
171
667
562
583
82
265
608
413
547
766
214
611
554
648
437
780
115
324
968
863
872
273
538
523
219
369
651
279
768
145
577
940
76
551
864
256
282
678
165
334
236
776
433
381
644
715
918
309
375
900
713
945
356
599
478
23
201
286
196
542
469
347
206
377
57
2
209
675
432
983
995
76
495
982
571
352
355
435
397
752
279
841
779
568
878
119
857
915
233
955
61
569
431
646
797
830
801
50
217
168
333
697
427
602
959
445
258
410
831
513
927
656
171
421
112
76
461
66
622
2
302
41
351
186
278
143
262
364
519
386
429
365
413
809
150
702
773
932
921
661
688
209
415
105
787
484
435
585
595
94
989
647
363
753
15
51
262
992
725
3
453
365
543
45
953
647
400
493
585
720
687
799
299
786
298
939
121
859
714
776
87
385
482
191
381
508
414
843
235
553
558
960
190
136
812
316
204
896
950
524
510
897
452
386
558
219
20
371
58
794
805
550
489
685
964
679
644
424
666
922
580
143
222
608
132
740
510
373
53
965
45
940
164
998
101
825
687
960
485
788
756
723
265
689
933
91
573
579
826
334
7
672
240
867
851
979
825
50
891
346
90
927
856
826
266
766
180
541
841
187
986
837
544
807
373
426
715
158
539
562
518
972
223
206
193
364
487
598
903
87
813
462
96
136
214
248
246
481
38
724
866
180
977
333
24
535
330
252
71
86
514
591
753
511
557
282
781
444
858
684
533
25
712
951
242
112
38
129
968
517
593
736
532
949
382
566
106
631
369
711
718
59
894
932
856
187
314
424
403
101
277
377
994
428
270
43
13
16
100
637
49
910
396
297
502
439
59
893
992
140
704
684
932
285
452
877
198
573
402
413
189
698
704
892
162
266
420
952
719
130
915
186
292
628
65
840
889
948
354
437
776
744
764
551
784
842
519
478
440
715
753
808
930
462
976
572
352
132
523
79
577
976
948
102
423
665
810
862
767
843
757
568
601
123
335
972
512
321
553
345
646
588
410
263
138
714
454
846
39
301
81
202
117
206
940
270
154
656
416
605
142
799
776
166
245
816
885
408
584
316
731
526
696
458
382
881
655
496
835
762
988
614
140
654
729
459
256
878
692
288
696
570
905
82
153
755
641
974
736
56
594
869
409
924
663
577
837
77
170
194
496
305
381
619
142
279
290
430
912
589
620
597
15
230
17
90
695
561
565
5
641
628
582
758
134
458
59
755
757
283
578
661
128
777
9
816
596
984
215
440
463
384
391
263
449
415
604
469
40
154
477
760
21
796
267
447
189
131
530
840
845
54
472
917
279
803
88
331
246
275
505
395
107
908
414
933
372
348
616
254
421
344
484
551
311
991
555
617
20
914
620
427
90
286
245
195
136
645
180
145
480
61
758
475
691
293
118
718
745
322
857
439
876
783
604
392
648
982
429
877
102
628
303
492
742
740
313
723
407
531
175
696
335
816
328
354
402
985
203
100
696
41
583
206
527
755
392
725
273
143
195
285
117
62
721
996
273
917
50
773
771
626
651
735
219
181
437
93
766
443
129
283
574
963
684
511
735
588
14
402
513
33
488
932
225
743
562
109
660
676
230
585
975
219
739
945
45
385
745
940
166
351
587
308
867
556
983
233
855
415
359
572
363
663
322
136
883
109
790
592
916
829
1
660
205
881
304
98
89
360
119
523
598
585
242
641
13
891
559
410
701
465
449
883
978
592
620
689
2
39
776
921
648
630
574
621
80
185
354
120
865
409
829
372
865
283
369
880
425
69
939
186
983
160
864
642
307
25
949
569
258
167
441
181
72
378
450
339
421
164
155
911
217
903
909
476
410
981
719
239
203
693
93
887
375
654
456
373
542
606
158
814
272
234
765
485
59
168
995
791
494
741
145
42
151
755
273
158
272
106
106
521
208
115
770
887
133
749
453
730
752
746
772
752
732
391
997
32
777
900
240
28
949
450
105
336
762
382
592
506
792
695
742
961
580
965
998
271
578
94
103
757
172
186
181
572
548
437
928
288
491
324
459
15
820
947
223
466
62
794
484
895
802
145
331
72
79
855
316
190
646
709
433
876
896
152
331
513
894
3
949
318
349
565
345
520
336
168
451
248
793
959
476
174
696
313
339
181
958
230
746
875
99
44
920
922
896
98
891
197
652
219
85
462
66
175
150
181
815
749
944
680
91
104
769
2
833
340
874
13
244
783
209
699
88
827
432
309
838
457
82
108
983
615
281
57
394
175
391
394
188
358
299
100
560
178
135
204
12
855
609
34
82
825
695
94
157
810
778
200
732
837
948
226
610
39
533
486
484
6
71
569
967
769
977
237
346
856
70
556
672
495
655
205
185
860
24
231
779
450
522
758
648
751
668
417
118
315
129
704
685
41
874
651
977
216
225
620
398
538
386
260
680
722
278
20
683
430
343
105
229
104
526
6
211
346
36
960
687
629
530
420
671
284
56
130
659
349
755
295
210
296
542
486
58
486
358
126
728
182
558
215
816
892
575
437
642
363
932
246
956
442
512
757
192
886
406
61
595
302
612
705
929
57
670
462
963
88
805
218
253
125
397
806
25
806
393
968
946
977
194
721
265
567
175
452
499
411
834
588
453
255
429
46
210
237
32
275
472
168
970
318
438
723
662
273
512
981
185
141
900
208
74
787
876
540
549
703
863
870
247
226
120
160
903
203
671
830
293
885
621
479
628
497
779
966
815
436
288
796
42
178
387
828
738
631
141
929
520
644
953
821
275
146
834
571
419
873
16
826
207
147
413
842
820
994
674
94
163
889
83
103
460
261
201
246
684
650
387
981
204
643
468
440
324
687
255
129
167
19
128
217
640
440
262
861
70
533
896
556
872
476
719
546
247
786
485
512
937
378
156
341
30
705
731
88
12
703
501
241
524
419
284
647
44
346
981
84
372
870
479
92
983
348
397
624
519
396
970
262
188
120
628
964
556
309
895
317
484
90
854
593
720
250
551
353
951
104
120
507
371
102
227
579
502
288
532
839
350
656
752
348
991
604
5
992
677
676
24
821
303
151
280
334
303
519
789
338
592
566
223
778
405
175
306
804
915
862
927
804
415
310
344
491
845
103
564
254
122
106
696
879
983
939
500
576
507
949
39
179
654
190
89
447
305
477
350
373
887
390
192
135
460
383
832
302
844
946
4
635
915
7
128
723
805
826
329
325
154
286
410
944
537
329
956
824
955
415
133
494
350
53
763
492
169
332
804
168
584
39
396
352
87
95
516
310
634
176
378
826
524
253
220
874
137
17
697
538
204
27
903
941
987
104
564
440
538
757
402
307
549
415
529
292
488
878
237
718
311
710
61
959
477
226
498
404
758
587
427
959
42
213
445
702
442
542
473
829
885
30
288
78
989
342
154
709
281
595
241
938
150
497
761
952
242
688
17
915
905
328
873
586
666
685
688
487
263
202
485
992
454
926
460
323
830
594
115
83
408
255
751
986
270
410
220
790
533
311
662
108
197
149
262
831
118
255
748
998
147
663
127
243
940
140
92
97
797
139
103
478
82
593
148
907
350
299
454
686
36
673
733
114
419
681
450
356
589
451
703
2
533
541
743
890
252
768
128
39
405
174
815
491
404
926
782
656
896
642
409
279
10
212
456
796
107
678
168
471
55
638
240
213
532
57
468
41
880
950
40
867
629
778
469
971
741
646
967
556
684
959
319
768
637
22
92
779
29
116
69
373
122
42
591
982
928
261
231
935
914
998
666
557
851
729
243
725
240
200
465
461
463
462
672
231
495
871
442
559
24
566
321
480
959
86
938
783
402
48
175
917
633
375
319
9
814
510
663
984
922
205
337
329
754
197
310
148
651
219
240
162
979
713
390
80
137
726
59
598
967
857
500
184
458
45
553
922
561
501
709
938
127
969
493
193
595
773
552
171
798
77
872
536
63
216
663
224
649
117
112
875
319
982
976
402
964
112
321
998
662
410
212
954
524
938
444
85
235
759
431
601
543
720
539
761
961
569
394
103
718
151
261
700
583
868
347
780
179
529
357
258
707
766
596
454
971
827
200
377
432
912
965
549
340
885
702
984
950
817
479
589
228
449
550
630
532
545
535
260
168
732
650
786
196
394
230
974
981
995
642
786
36
319
89
603
413
679
351
3
998
942
583
375
392
563
980
633
785
939
137
655
750
776
86
330
541
572
878
36
12
197
363
148
164
62
359
987
734
733
799
817
648
104
527
278
715
229
137
259
220
539
641
562
962
763
61
608
185
495
251
433
507
55
180
441
360
716
828
836
767
854
826
858
209
859
31
46
538
490
359
315
392
234
647
154
342
853
914
993
332
60
49
347
185
901
578
229
10
646
724
313
581
1000
49
280
366
358
387
696
732
401
682
985
292
954
460
450
240
784
840
458
422
642
716
815
32
504
881
456
980
723
702
370
773
96
145
95
604
248
744
337
761
832
750
323
806
429
511
144
926
461
264
796
60
156
637
549
875
207
132
719
284
692
194
605
634
521
308
341
65
670
693
395
514
487
26
317
356
933
274
285
357
208
850
868
557
841
545
484
638
793
804
431
688
302
2
9
935
116
255
871
414
764
275
158
285
251
103
306
391
707
267
973
466
390
367
122
398
839
949
582
704
245
946
273
488
513
298
474
10
446
135
977
424
395
571
86
261
13
685
700
314
648
575
897
24
437
967
750
519
433
922
318
330
412
8
221
187
197
280
726
311
209
195
623
361
720
406
931
982
131
441
725
430
131
739
856
858
598
829
348
691
97
336
764
275
633
993
571
23
708
187
116
39
591
959
119
263
488
246
211
492
50
748
521
407
584
865
32
793
264
561
788
155
813
683
483
38
877
513
238
33
951
107
231
382
857
161
524
737
851
318
550
161
328
615
928
627
999
95
39
24
232
215
354
516
928
180
883
669
915
572
964
376
520
192
734
424
506
481
763
556
387
763
197
245
730
344
472
414
535
937
967
651
787
50
679
207
386
853
287
529
379
950
356
221
277
709
448
732
85
842
286
7
757
328
3
163
886
666
217
604
740
956
342
798
193
588
896
927
609
613
813
949
792
886
348
903
686
853
662
644
420
633
102
153
409
214
722
216
34
332
295
203
235
492
665
250
141
544
101
244
72
615
79
524
495
149
310
181
940
833
641
682
639
95
135
320
228
868
219
232
567
675
19
955
819
147
173
436
76
900
228
679
830
776
825
674
615
673
320
437
341
101
118
568
502
406
64
77
132
828
73
199
451
989
667
452
64
631
186
62
770
212
678
774
759
912
902
586
448
841
931
913
392
839
403
19
417
574
190
754
416
488
624
808
156
998
391
544
578
407
268
628
715
317
138
300
378
704
101
404
714
697
29
73
590
274
112
171
628
266
185
391
750
928
935
459
319
111
51
880
545
597
955
365
101
799
224
49
793
709
587
419
737
779
179
526
170
10
938
153
976
499
942
781
671
315
352
336
408
167
179
366
483
623
869
197
849
663
632
423
959
517
786
161
885
818
386
836
857
228
626
981
400
670
778
572
466
852
357
440
458
524
601
805
27
405
315
591
317
294
347
681
634
132
719
568
988
807
816
423
925
265
945
958
296
964
902
205
761
427
288
5
525
873
222
393
623
58
191
169
455
103
629
943
879
415
986
200
132
582
66
956
532
499
444
912
121
584
296
765
1
980
469
89
756
550
886
267
920
268
981
84
98
656
873
233
559
996
246
281
285
46
785
107
837
773
648
769
111
254
265
541
379
89
702
374
609
327
543
769
414
273
214
467
618
511
281
367
823
956
100
432
915
857
768
51
915
311
187
656
804
711
864
181
51
726
780
268
592
182
659
430
973
422
225
808
613
15
757
246
587
402
157
699
827
107
236
657
708
294
271
330
474
268
586
897
892
295
229
893
552
376
372
906
195
282
650
518
870
496
634
440
828
347
431
89
605
303
472
342
662
38
875
590
837
688
207
49
412
349
4
158
761
276
695
183
419
891
348
988
476
467
839
723
927
536
771
775
757
615
836
277
468
343
511
905
545
385
974
7
243
161
518
791
335
287
243
960
898
963
752
466
1
315
151
985
889
852
848
298
910
300
751
575
680
222
388
890
71
316
83
524
408
259
9
465
147
225
36
943
334
861
1
264
36
788
541
369
47
510
901
574
4
39
296
908
188
388
465
695
247
836
401
579
155
422
571
506
849
772
915
515
499
365
676
285
370
494
629
488
510
713
514
924
140
899
902
625
895
714
972
381
796
359
810
788
26
228
970
664
229
128
734
652
341
201
542
551
322
57
636
692
169
535
979
320
97
242
421
251
236
798
828
599
151
510
180
508
739
323
832
654
678
980
37
330
137
344
41
253
586
615
938
578
289
1
740
141
864
95
562
34
721
302
970
843
82
585
377
210
467
293
590
484
902
263
686
952
309
312
675
943
118
880
705
931
414
120
153
516
683
364
863
353
148
921
972
158
988
105
654
533
10
881
128
333
311
133
924
321
768
64
121
184
948
194
596
836
588
375
928
867
792
461
947
500
20
302
929
239
259
602
337
475
531
145
773
689
875
821
431
138
629
900
773
897
974
231
973
152
915
305
888
88
826
314
629
468
899
857
39
774
473
161
734
49
965
594
596
66
401
786
855
347
791
895
867
691
387
234
765
255
2
320
888
927
462
606
326
626
584
13
19
573
195
429
831
842
476
285
469
40
20
411
810
284
452
281
981
303
816
82
896
251
254
685
569
214
921
157
348
840
329
479
627
374
746
907
982
865
905
66
827
200
918
446
575
163
383
679
915
171
910
627
409
154
940
726
724
843
702
66
251
36
84
802
60
637
752
732
70
923
44
486
896
613
356
437
850
82
160
891
665
237
799
736
533
93
88
507
111
854
731
955
539
892
874
565
447
387
977
498
489
849
630
987
140
8
644
195
390
922
288
770
374
115
174
288
284
941
509
984
235
934
276
716
682
144
643
183
367
266
244
997
918
768
648
992
95
165
780
368
72
397
42
853
304
595
290
310
565
221
669
606
794
48
122
600
567
359
766
585
216
996
325
621
735
637
654
590
326
52
874
677
950
133
160
365
994
193
420
775
428
671
979
111
852
37
334
693
94
883
471
723
683
32
7
310
946
941
643
554
664
916
66
399
165
613
904
690
451
320
355
193
183
211
390
958
234
496
157
420
856
5
98
934
292
977
469
921
882
421
763
423
198
888
355
908
488
24
368
659
384
194
511
865
451
381
663
487
562
67
942
521
766
151
740
233
486
178
775
255
403
212
249
27
43
100
407
104
485
367
250
245
843
13
992
99
982
565
940
153
524
578
11
642
901
564
542
884
737
107
929
98
929
473
226
988
198
231
705
550
525
665
270
484
462
231
650
325
706
423
956
416
764
628
896
846
257
554
997
776
89
549
919
417
16
923
471
954
156
96
211
412
77
120
178
985
623
340
847
872
853
274
599
494
749
223
829
478
841
9
121
469
60
544
288
543
797
490
322
367
532
422
95
345
90
836
640
496
996
886
172
79
634
225
921
558
846
502
796
161
653
70
652
514
332
445
415
95
334
96
61
888
8
622
508
619
897
843
137
448
342
997
985
422
859
937
452
143
765
748
833
736
200
723
564
382
918
231
933
588
505
403
668
247
348
613
774
432
376
228
272
580
835
466
348
742
523
478
487
199
784
166
795
505
668
428
101
379
97
912
955
168
362
582
229
805
387
900
146
642
542
746
839
951
246
737
263
178
453
736
881
78
576
319
794
369
31
965
909
942
788
791
398
226
138
307
764
55
125
227
32
448
546
244
473
548
755
721
637
446
549
210
69
130
339
452
315
99
751
350
969
942
879
177
287
522
963
768
528
656
382
568
882
502
467
466
789
464
414
843
386
881
744
751
528
490
143
966
887
537
925
735
424
17
347
176
346
688
340
178
565
766
537
61
951
59
482
766
214
436
929
42
397
267
776
977
888
110
550
661
169
427
222
645
104
741
114
104
908
521
565
477
741
451
858
365
55
935
507
936
349
674
12
678
906
250
376
336
60
147
281
134
906
125
755
68
77
289
225
393
538
492
266
940
426
385
737
359
369
557
946
660
637
674
471
502
314
127
378
463
942
126
156
108
814
545
412
344
749
239
34
127
819
136
712
656
340
772
723
82
800
54
416
836
977
666
484
746
309
746
300
350
278
249
778
230
644
883
763
872
419
266
28
887
898
837
459
936
18
61
501
897
156
229
960
272
637
638
484
611
943
657
84
469
275
574
393
610
224
984
279
906
969
558
925
135
177
781
38
33
68
594
736
553
467
344
499
284
576
155
812
913
85
472
718
940
163
138
416
16
327
338
899
276
323
587
461
514
361
26
908
110
210
372
694
466
233
179
322
267
605
885
141
536
970
21
694
576
132
938
185
761
796
105
765
458
113
141
399
13
67
1000
306
399
300
134
454
990
577
819
282
132
546
58
34
283
623
680
631
876
247
203
463
746
166
696
552
249
293
824
394
312
518
591
193
703
940
877
856
190
217
93
398
762
827
936
491
93
284
26
54
368
13
116
543
723
630
211
511
951
835
469
676
433
471
901
686
509
35
345
380
283
410
210
123
374
909
786
404
254
32
874
641
940
772
696
97
742
101
301
70
322
813
779
731
646
902
131
387
712
389
713
145
963
959
637
336
289
662
932
346
422
544
687
292
340
272
777
281
787
762
90
148
272
842
227
40
741
221
873
1000
428
246
69
432
324
316
595
645
35
688
409
623
287
357
637
499
564
733
351
683
974
311
43
426
336
480
850
182
257
13
649
679
320
929
411
263
588
183
828
679
388
451
32
452
852
314
909
384
416
671
289
935
343
8
60
132
658
188
964
84
239
114
978
279
877
776
83
515
599
513
920
30
119
147
654
621
99
552
312
248
876
214
70
663
770
343
314
432
956
926
123
337
437
703
65
40
81
181
790
80
368
288
285
265
931
701
290
122
253
667
539
782
355
237
637
421
887
507
541
169
813
907
848
806
125
403
748
780
47
867
144
357
822
167
809
636
139
565
596
971
434
654
224
607
172
957
969
194
137
497
453
48
414
945
331
563
897
502
393
574
120
49
486
619
861
598
528
732
69
23
179
483
110
657
889
189
93
432
220
709
296
728
257
906
140
690
82
991
540
58
756
34
936
908
355
293
918
86
818
414
245
80
100
96
386
36
223
856
985
427
979
608
681
880
121
248
857
332
732
845
289
260
375
839
10
512
760
384
269
904
957
816
422
519
888
175
717
366
770
635
829
797
449
519
67
72
433
129
678
84
696
238
628
604
380
943
4
728
542
219
192
488
705
74
977
437
635
348
9
872
13
193
560
305
270
335
839
361
34
143
302
370
207
937
963
879
664
21
279
42
1000
737
415
414
851
211
213
885
177
279
372
164
164
551
1
167
560
706
473
90
362
627
875
566
515
401
641
779
160
533
269
768
876
560
287
382
459
161
618
417
808
602
649
919
716
728
257
151
4
585
549
373
957
623
699
467
997
472
989
942
137
323
773
6
939
461
468
414
14
209
584
557
391
881
573
932
596
540
320
995
882
498
502
606
775
892
763
691
928
229
444
595
747
719
656
588
936
639
224
170
391
460
846
534
72
354
928
415
369
851
798
351
777
49
591
159
938
209
409
561
413
270
766
207
615
941
411
27
505
23
260
168
830
426
199
809
630
235
17
340
370
807
530
185
643
169
211
401
2
588
162
514
534
773
394
109
700
477
942
153
19
802
105
498
37
498
855
86
358
425
8
636
335
283
300
218
427
103
532
550
517
538
577
555
964
763
653
363
261
960
741
159
237
522
160
856
719
600
378
528
288
870
513
122
137
774
963
661
418
240
849
286
671
844
585
68
506
512
148
747
926
153
358
286
555
408
919
412
333
713
332
542
227
690
103
363
34
942
441
182
868
582
53
888
60
909
530
419
397
920
796
798
255
714
378
625
335
517
854
539
917
874
457
426
439
259
14
929
742
504
26
759
309
63
160
919
390
192
746
453
917
202
862
776
72
229
28
986
688
155
694
679
973
804
74
980
577
475
207
843
606
332
703
628
242
599
901
732
634
205
97
575
315
885
482
339
394
654
262
963
791
100
557
416
266
461
202
698
24
175
637
653
738
672
43
994
299
807
183
473
512
929
554
520
388
193
436
249
450
926
353
995
779
881
600
102
927
286
304
439
893
579
305
27
861
934
579
344
242
164
652
214
378
711
572
612
371
91
937
838
923
345
346
301
695
759
113
788
272
519
287
137
623
469
533
445
809
661
997
426
312
183
693
299
445
398
890
363
186
922
8
506
860
264
489
550
132
263
338
614
817
434
19
186
678
692
150
544
89
496
381
700
737
359
977
201
224
798
364
167
481
475
157
319
48
263
657
417
269
510
272
784
152
438
618
759
455
493
439
481
426
275
364
576
686
863
336
86
783
539
571
634
242
577
761
529
43
264
329
606
113
342
642
157
234
873
375
232
826
863
53
495
710
569
849
119
801
376
990
876
861
983
91
428
521
586
281
268
765
825
845
114
719
791
451
112
791
959
777
101
68
253
2
605
649
553
240
194
803
171
870
568
215
838
924
288
497
429
526
979
897
960
227
124
670
832
209
673
841
961
777
124
581
336
866
841
311
820
560
691
618
906
208
69
916
111
775
468
263
653
423
316
110
137
145
694
630
962
604
769
394
743
965
371
4
90
114
9
201
925
207
499
479
996
924
398
431
116
923
617
325
557
232
161
73
943
629
375
775
68
938
899
475
87
727
63
124
157
449
105
826
874
685
793
176
561
154
673
997
23
322
447
663
845
280
605
318
155
811
225
100
809
22
739
449
767
843
663
582
594
325
228
351
356
101
392
125
865
3
173
293
486
58
134
510
309
686
90
612
800
469
812
224
723
362
528
592
280
945
421
226
216
368
745
953
527
216
342
283
9
396
914
185
526
343
232
730
373
936
813
10
856
552
81
720
614
937
701
62
8
163
656
924
375
891
969
234
657
606
772
436
126
20
199
295
711
522
495
916
621
641
586
965
603
776
305
846
23
858
863
483
703
777
68
181
489
857
970
926
790
391
174
313
137
533
353
973
806
638
12
407
750
485
749
772
683
142
731
554
519
779
244
603
153
567
555
148
606
726
950
817
429
396
341
571
123
825
979
716
712
236
705
55
647
172
367
651
737
37
944
164
23
610
501
329
881
972
82
19
924
269
334
630
759
611
810
989
127
219
622
274
412
593
183
875
982
968
8
887
799
743
559
524
353
370
400
831
809
629
991
184
575
727
65
899
325
561
924
379
965
238
436
300
962
336
481
459
724
845
488
231
474
524
115
217
672
861
75
481
764
454
494
723
665
247
886
838
965
178
66
574
436
66
658
708
610
600
716
322
323
226
920
845
491
261
727
821
989
600
761
154
690
836
767
32
229
391
798
195
517
371
401
315
601
946
417
331
755
552
283
586
884
337
277
69
682
107
841
573
684
505
62
849
529
286
713
86
252
158
910
1
706
382
433
41
688
806
507
185
852
873
669
91
321
724
643
353
500
736
521
810
601
20
250
89
254
760
440
548
805
539
979
207
924
105
133
624
487
965
736
232
650
162
29
868
162
790
85
241
180
863
388
577
683
336
921
737
364
169
524
210
448
664
968
13
837
678
797
477
791
653
547
517
117
504
303
447
921
947
594
340
800
509
238
756
946
794
739
878
593
532
178
489
347
671
576
614
251
625
504
586
772
641
673
17
898
875
309
437
917
592
302
940
907
547
451
949
127
566
180
94
113
925
87
628
437
45
973
647
603
718
960
865
358
352
568
851
170
636
395
423
828
926
714
623
595
638
186
979
455
431
700
32
350
303
215
921
539
890
178
407
780
47
976
904
642
580
768
159
272
67
86
743
112
514
210
346
330
161
197
377
99
588
205
937
847
177
670
948
84
586
153
999
983
860
449
476
436
915
43
113
202
897
99
171
343
460
696
388
869
351
733
10
465
932
750
787
583
993
861
36
291
46
632
659
542
23
260
214
308
502
704
814
780
175
673
902
489
1000
639
806
127
940
384
653
210
122
250
135
152
484
467
737
588
332
428
42
285
302
69
474
299
473
171
780
998
627
120
329
833
962
142
317
116
520
396
657
654
610
314
396
274
103
74
672
683
905
224
356
170
880
316
435
596
142
859
695
400
814
812
538
80
924
721
175
15
113
704
913
173
441
293
123
143
493
8
478
442
833
550
635
838
246
276
818
170
970
263
105
458
283
417
16
496
915
3
848
763
617
7
31
251
859
432
772
367
709
234
282
759
102
397
276
669
494
152
226
419
787
491
877
251
220
531
73
417
815
933
954
531
5
348
175
503
659
7
632
285
45
255
517
467
815
401
295
676
71
848
326
16
381
717
598
155
852
773
566
851
820
779
226
646
62
901
292
522
597
169
825
377
364
482
43
449
252
268
440
727
408
221
369
978
846
317
905
980
559
22
636
825
956
22
647
462
617
85
227
322
768
340
478
876
634
66
582
455
991
138
688
829
379
612
12
297
757
673
992
496
992
185
814
220
743
7
250
428
813
839
138
309
975
691
792
578
792
630
919
673
873
923
189
899
676
687
655
566
874
676
611
840
942
160
39
498
627
995
318
474
832
409
481
410
886
896
214
522
703
825
153
506
526
438
609
537
49
578
71
553
548
883
45
525
106
960
850
675
339
67
488
227
942
664
386
226
411
902
478
226
257
667
843
786
539
906
288
612
402
546
471
51
469
259
969
748
67
431
711
570
165
775
58
6
890
80
352
783
78
483
368
765
840
536
48
254
134
638
565
393
276
489
579
403
382
98
548
315
122
971
829
807
46
475
660
663
828
600
552
379
75
62
746
777
210
39
636
583
950
823
633
984
450
949
479
462
51
79
758
648
587
957
191
12
734
646
169
75
465
14
794
640
233
340
270
259
462
204
998
343
875
952
130
425
218
318
7
593
507
605
879
640
918
294
668
616
395
164
537
925
762
785
774
333
69
914
50
255
304
55
830
439
21
251
543
916
24
849
920
655
966
950
756
62
635
444
548
285
454
514
220
797
175
686
840
903
84
640
466
281
72
359
970
448
650
349
529
450
681
992
966
309
197
851
548
879
986
35
379
497
823
571
681
897
374
706
759
241
514
255
23
871
664
888
940
435
530
317
695
957
680
814
894
875
70
769
465
954
472
50
114
215
793
236
923
396
525
389
719
925
669
484
790
8
907
145
759
5
164
30
326
847
781
481
390
415
864
440
971
706
879
154
311
837
291
830
890
139
702
156
104
958
12
205
169
890
306
914
994
40
270
21
226
848
572
157
202
667
307
334
329
305
242
229
228
497
684
875
200
390
548
245
613
275
384
415
219
491
502
255
439
137
673
539
578
245
479
158
120
791
398
498
321
377
399
728
477
653
610
721
848
125
974
210
49
883
85
109
223
843
266
3
794
52
611
103
247
399
811
714
758
958
756
958
277
674
872
69
510
231
798
342
32
881
747
396
979
788
281
27
915
628
438
32
104
834
462
694
814
301
307
582
721
44
235
508
240
424
996
949
718
473
798
34
556
865
407
729
13
266
733
251
234
234
41
529
356
645
324
849
401
213
619
397
234
215
19
296
751
383
373
13
333
82
454
319
924
553
305
49
37
748
356
268
881
739
946
417
99
405
108
470
708
994
765
386
191
416
637
81
39
25
852
182
348
940
259
805
666
691
974
612
198
916
618
160
357
618
100
856
125
520
198
115
387
960
540
686
927
245
101
427
566
441
423
781
935
367
373
759
82
815
791
223
524
319
543
694
48
959
967
126
365
363
753
845
274
903
36
467
594
654
638
488
567
794
838
723
224
80
650
702
520
851
928
79
375
176
119
602
729
540
738
981
277
702
581
982
325
955
46
62
117
331
691
503
918
222
119
518
571
550
640
261
504
78
226
687
396
588
411
200
280
757
464
634
249
654
470
462
410
758
100
886
778
379
370
434
768
780
464
690
930
417
753
23
852
120
136
327
883
512
591
973
538
469
435
218
684
926
273
23
618
32
889
293
50
217
111
602
188
833
432
733
190
199
249
13
445
553
423
668
282
891
817
740
761
441
591
65
301
345
143
712
112
910
874
973
541