639
993
543
463
21
58
721
514
550
8
609
927
653
684
493
26
69
760
42
634
912
718
811
969
428
794
805
8
483
18
738
293
44
618
601
958
344
664
22
302
322
820
547
398
259
594
7
861
564
476
315
49
774
36
489
479
508
521
301
459
446
675
311
190
172
6
965
124
315
236
348
229
819
385
784
373
419
709
990
683
858
479
48
567
234
782
144
556
403
503
878
862
522
739
623
598
634
366
603
381
180
323
239
1000
753
728
185
875
726
400
327
355
172
749
772
479
831
567
929
392
365
105
120
258
318
438
240
856
302
211
882
440
582
936
168
924
171
938
241
496
851
316
55
616
575
182
173
877
651
520
690
656
718
784
664
90
378
674
232
141
854
730
329
81
745
713
439
210
885
941
248
603
636
51
587
591
383
901
682
842
871
512
92
764
569
518
954
738
415
921
620
555
70
827
67
430
839
341
191
854
65
355
542
210
995
287
875
370
391
222
264
859
19
719
176
369
840
839
994
656
298
39
562
682
845
966
938
613
918
746
449
101
383
163
353
657
406
779
108
952
209
976
505
508
854
43
272
668
957
978
621
767
306
403
535
934
204
619
714
48
591
609
183
487
253
74
592
829
296
233
53
104
753
726
431
121
401
493
494
324
169
952
533
740
510
874
593
584
990
203
485
50
391
326
649
381
688
319
109
881
938
837
934
983
306
849
614
499
880
805
806
78
632
93
174
289
564
245
818
70
905
732
200
669
537
147
429
933
189
208
584
279
780
234
136
771
2
892
92
10
794
466
501
29
787
449
718
93
964
243
550
130
8
943
520
174
461
379
572
105
339
197
238
267
474
979
6
751
907
73
661
412
7
607
218
187
32
608
694
299
405
12
515
646
828
421
549
274
655
78
691
328
482
660
508
265
530
633
718
188
89
806
288
587
69
540
899
412
399
763
812
535
787
1000
977
484
121
417
636
543
493
453
609
387
19
459
181
710
300
22
125
505
947
760
605
697
958
944
285
217
461
221
719
375
373
155
163
388
225
837
845
827
762
805
880
129
897
393
226
493
518
250
669
55
437
838
364
743
45
51
426
833
436
926
146
485
63
602
985
84
786
1000
629
430
928
363
870
253
287
417
796
516
400
556
34
450
721
895
484
363
733
619
927
363
843
519
873
480
357
60
121
818
609
923
672
22
569
830
195
226
542
114
679
124
191
415
794
909
391
35
889
818
704
987
780
950
12
103
222
204
712
771
122
536
781
369
281
47
632
733
47
94
621
469
439
875
328
578
408
557
651
590
860
33
825
962
575
130
779
978
584
803
248
9
934
387
591
489
226
694
762
334
643
636
88
274
122
801
673
188
57
885
82
286
859
50
812
294
474
102
706
217
111
17
234
497
705
259
214
614
339
996
488
843
794
271
839
446
405
402
878
465
816
542
778
150
573
994
656
710
570
942
182
536
815
797
767
97
841
567
244
952
613
722
850
22
80
818
659
626
283
898
560
982
463
792
340
214
574
36
352
696
34
735
318
285
85
201
386
409
14
916
953
336
501
60
72
94
874
726
455
574
61
80
418
697
366
433
312
107
647
798
605
14
418
968
337
453
117
43
998
577
418
800
360
572
947
574
70
156
765
45
748
48
190
918
19
749
977
82
840
963
223
60
508
966
335
328
295
911
93
300
386
456
108
637
309
878
803
802
575
539
788
509
978
648
636
864
72
218
942
681
331
427
576
459
31
134
507
499
390
972
137
486
568
592
394
853
5
636
696
897
639
694
848
549
571
607
673
339
213
345
82
126
866
825
67
571
410
610
792
197
304
235
856
915
295
439
499
551
747
407
236
677
736
76
814
535
197
161
355
927
478
986
436
14
334
273
429
695
711
45
141
730
88
812
689
35
418
792
318
82
219
147
738
694
773
861
285
583
285
489
47
624
909
730
751
914
316
787
372
536
498
379
850
261
153
506
803
28
432
235
800
754
945
754
806
118
718
54
940
193
367
515
872
34
503
247
773
649
128
279
906
929
525
27
211
464
821
332
805
212
768
112
481
545
476
126
77
833
731
481
67
553
493
997
394
701
358
996
235
95
765
856
394
201
238
2
448
84
918
440
378
688
654
265
568
666
740
26
465
134
750
759
248
963
248
884
474
359
71
355
594
354
651
546
224
239
320
605
588
457
267
270
993
646
481
629
849
244
139
287
628
204
658
408
847
765
989
846
911
483
477
363
915
61
993
383
382
616
300
638
843
919
400
391
108
466
607
477
892
403
131
237
640
1
8
999
741
852
302
159
548
429
150
319
784
754
449
578
941
270
422
548
116
985
391
505
804
965
570
112
731
831
924
451
839
648
350
855
688
899
110
697
206
783
550
191
110
554
579
271
808
630
687
930
210
422
436
186
737
261
907
424
200
379
544
793
695
542
465
532
264
428
580
773
306
135
870
893
920
366
341
921
998
960
102
374
614
760
629
913
34
853
9
44
201
828
369
464
51
328
94
436
928
746
472
234
431
607
426
255
511
854
882
677
665
956
458
820
504
970
488
717
80
432
728
344
711
481
19
189
442
907
940
564
612
892
506
216
703
807
672
530
914
303
306
520
380
419
707
470
939
759
492
59
964
493
500
580
320
317
227
147
536
729
559
110
889
191
802
567
245
335
698
824
276
467
67
334
769
385
647
296
427
606
926
987
771
551
387
71
796
14
482
61
49
388
532
815
983
766
454
238
840
662
185
491
629
46
567
128
37
437
595
866
521
999
58
650
750
977
97
296
818
926
742
570
40
803
453
933
808
947
788
864
976
420
18
203
908
208
613
859
220
53
568
771
762
316
328
683
255
811
663
614
557
410
510
102
938
806
51
44
415
526
633
276
606
825
810
629
400
446
276
883
258
326
125
19
169
210
832
526
168
691
211
615
586
48
429
853
423
236
652
71
149
14
434
852
587
596
673
877
66
209
459
198
661
391
564
539
618
178
328
25
945
677
306
298
72
753
532
309
407
454
904
269
320
649
790
886
37
703
717
108
235
557
361
507
106
346
604
673
450
554
484
20
261
312
922
276
752
664
478
339
33
588
55
232
490
804
122
630
554
883
991
35
421
378
380
581
581
987
762
286
248
974
28
448
687
446
692
149
313
126
659
856
568
816
322
545
953
951
47
728
261
942
625
411
312
460
733
843
156
626
605
899
781
7
809
88
958
11
228
543
648
193
627
538
949
220
368
392
165
468
428
530
521
345
360
663
968
414
878
253
984
653
216
217
119
165
368
4
818
459
194
796
339
97
902
786
995
935
555
259
503
465
161
896
240
685
561
878
338
86
733
5
340
440
175
450
796
88
415
581
908
11
769
633
757
719
680
496
748
777
218
608
778
487
944
575
33
716
692
883
192
906
68
75
418
699
86
113
847
384
272
485
760
370
556
105
982
752
65
987
424
30
97
330
671
896
883
874
613
477
37
141
845
22
209
655
163
814
785
380
78
719
440
941
546
686
194
685
988
77
515
66
678
349
636
367
101
217
973
638
277
262
507
569
724
249
962
180
685
750
171
912
247
559
99
134
662
985
97
739
438
885
354
497
293
970
784
489
240
592
986
597
396
648
957
121
903
567
246
409
41
51
739
676
699
615
431
329
806
873
790
926
838
445
384
198
510
54
724
267
622
486
354
548
804
718
419
688
459
594
279
875
858
601
322
169
771
28
204
241
438
140
419
201
787
445
776
710
889
926
391
598
303
920
242
868
140
750
852
714
118
340
658
129
324
657
459
554
231
331
881
782
417
353
905
744
867
784
621
46
998
95
744
343
61
240
595
195
785
846
279
505
78
552
863
76
743
895
876
550
749
81
274
734
607
223
1000
973
762
250
576
606
341
193
924
301
942
238
258
251
168
62
849
320
138
84
981
73
983
118
261
610
284
297
828
642
192
580
839
151
780
675
410
476
596
890
534
117
14
449
879
879
52
772
838
755
417
202
365
337
955
64
833
454
152
711
768
970
975
7
752
192
323
588
234
496
238
720
447
470
298
414
12
826
307
283
558
746
953
797
117
527
943
635
838
398
352
205
948
860
443
184
584
479
390
513
610
659
320
500
929
146
774
598
360
460
610
439
24
547
803
557
399
708
672
650
77
161
553
804
63
329
735
722
233
562
813
115
894
867
601
784
687
781
613
168
726
197
606
863
206
475
866
235
938
343
80
853
792
578
160
732
635
789
643
827
40
776
831
358
153
30
98
306
971
862
52
376
184
767
13
803
929
834
92
754
475
286
429
424
473
591
568
344
416
966
792
995
24
51
487
788
217
298
979
297
35
325
367
586
171
62
127
691
424
724
642
624
138
351
907
73
282
967
530
619
387
121
611
428
758
29
994
298
145
965
502
978
847
997
658
451
230
225
937
583
674
704
660
984
273
96
607
236
887
140
902
25
515
494
872
333
884
168
205
138
479
891
137
988
759
960
34
493
221
272
824
97
41
193
673
615
507
735
650
752
720
67
938
226
720
870
203
318
298
40
848
76
289
42
898
199
927
901
998
855
712
413
14
558
839
96
86
764
609
22
371
42
190
7
843
974
398
674
718
901
315
735
221
391
176
848
443
811
362
984
353
67
514
832
714
220
967
825
276
545
607
224
602
841
458
553
682
304
936
869
608
71
625
122
446
709
167
832
801
626
921
898
869
54
961
492
286
436
758
115
551
941
572
473
359
456
764
907
528
305
512
917
776
760
806
801
541
335
42
96
158
891
497
307
675
692
24
993
200
210
151
913
187
567
517
899
904
923
81
804
20
903
856
181
407
60
95
536
716
210
537
688
927
883
645
844
456
304
226
701
686
25
656
877
927
766
242
999
318
540
985
232
333
64
803
539
220
967
183
758
889
417
840
517
287
863
217
905
93
908
589
309
506
942
926
646
87
943
307
344
414
402
882
331
528
142
928
733
864
982
140
880
910
290
563
464
939
26
845
22
505
160
324
418
831
829
193
29
41
319
377
804
957
781
604
796
493
515
285
452
877
236
503
581
304
133
379
208
586
265
176
480
211
540
100
453
967
723
505
150
374
62
651
502
165
404
744
408
828
931
535
429
200
591
450
82
361
261
388
504
791
397
975
350
350
794
77
240
297
990
456
646
957
661
687
462
636
59
883
397
972
648
347
298
891
582
154
13
964
514
880
978
139
177
144
253
177
206
255
469
705
253
313
351
628
61
755
530
734
466
999
935
510
508
780
253
916
90
559
278
655
381
440
47
533
728
547
122
949
752
299
271
165
867
81
914
566
820
802
785
979
796
514
190
214
225
996
900
849
520
19
58
3
473
168
772
1
332
846
221
207
961
754
466
308
828
479
911
917
956
887
154
378
978
991
233
217
627
156
367
569
194
806
255
916
891
849
306
266
24
536
142
928
329
63
940
620
125
259
579
988
889
758
79
221
297
565
884
279
101
267
381
160
206
120
6
62
257
262
13
618
367
403
304
184
932
13
164
120
180
789
62
326
242
802
57
911
549
26
841
451
523
730
90
39
346
998
917
66
202
182
948
150
90
94
428
211
550
469
87
993
911
38
174
653
56
644
362
402
475
518
965
135
789
338
470
528
867
760
759
862
819
391
220
624
901
410
613
989
686
115
450
811
54
623
914
43
212
841
642
9
26
159
2
165
995
480
449
638
481
131
529
419
961
193
873
738
574
784
831
639
523
596
314
859
248
593
294
286
95
225
955
81
62
947
708
229
83
834
245
98
189
739
592
745
636
908
19
748
81
179
771
957
452
638
852
196
628
931
194
147
158
553
927
156
176
881
112
528
425
157
391
267
261
187
410
763
695
213
91
418
867
69
96
426
174
618
174
736
983
13
701
66
433
864
933
806
766
331
938
186
49
937
539
953
389
801
63
305
694
971
224
937
91
331
19
899
241
188
424
920
839
752
385
440
730
263
516
44
340
183
797
871
918
261
976
141
139
467
629
360
935
697
700
850
266
197
122
507
8
231
28
245
624
856
553
444
255
989
489
741
517
69
254
609
18
898
561
915
22
762
766
289
508
529
995
750
871
793
733
314
661
18
358
565
696
477
765
727
359
311
696
411
949
75
192
620
212
566
965
402
786
433
740
118
499
322
84
456
248
35
189
680
535
832
276
975
537
42
190
713
681
785
20
438
819
413
531
691
621
481
566
415
213
105
442
648
609
950
44
763
680
903
752
239
882
165
831
10
30
372
630
495
79
769
458
209
462
952
899
423
171
177
547
874
189
27
384
35
257
616
981
180
967
689
322
128
727
972
767
402
886
737
389
831
737
651
256
333
528
272
354
702
964
734
222
884
189
876
207
517
148
958
887
450
740
197
962
497
189
895
215
262
194
730
656
804
452
526
747
167
138
882
650
991
330
746
958
772
647
494
831
591
279
799
168
381
5
453
990
128
211
415
825
934
289
282
411
820
485
472
341
626
58
828
467
345
237
679
945
101
700
390
79
827
703
605
64
595
393
969
556
481
560
11
314
254
835
831
30
365
493
993
106
944
271
381
655
162
110
949
794
846
82
595
55
456
846
195
50
772
308
736
106
172
20
995
904
362
634
356
141
795
149
279
288
749
119
979
470
352
87
10
504
452
948
65
39
279
523
140
182
62
583
66
388
693
971
371
937
903
264
602
582
868
443
911
205
498
51
727
785
174
737
302
319
859
200
977
926
161
697
292
987
196
382
812
335
375
482
10
618
853
404
448
148
690
955
820
965
515
292
720
928
501
631
548
712
686
140
724
611
680
529
37
847
472
225
28
103
84
683
549
533
214
572
988
292
855
184
504
631
88
867
824
56
852
862
601
495
589
84
336
896
47
263
699
322
595
787
846
314
928
592
530
220
255
556
498
94
412
668
238
206
670
824
103
6
96
264
371
904
28
1000
367
766
405
883
743
275
924
759
805
334
74
323
3
889
360
149
399
148
62
2
595
121
23
585
449
919
342
21
295
362
788
115
353
176
821
865
911
723
554
393
590
345
446
329
954
976
364
214
602
905
857
82
216
92
492
35
437
468
986
977
249
606
801
246
451
361
853
896
641
893
287
526
89
853
763
845
481
751
303
266
248
137
432
903
398
865
835
574
573
357
879
331
394
617
788
398
179
985
775
537
355
542
118
769
333
475
635
389
102
712
235
942
268
935
577
821
646
194
242
171
819
827
573
405
76
835
177
480
663
77
304
174
366
594
983
261
161
623
313
803
682
19
895
488
171
700
632
867
943
174
360
60
458
92
769
39
221
439
150
282
498
625
776
195
864
16
56
106
733
730
767
717
39
735
135
785
488
169
959
570
991
58
829
780
724
373
738
85
640
158
322
413
224
41
926
438
612
741
581
514
581
538
172
900
777
750
684
109
816
640
733
35
54
906
459
350
263
138
775
811
204
890
351
77
25
17
56
250
519
852
598
476
585
997
103
242
814
726
55
763
287
504
201
819
995
822
584
896
720
664
168
394
541
672
769
282
993
979
884
881
670
681
83
619
148
916
805
5
744
5
860
394
22
251
614
138
446
790
825
448
870
207
142
113
612
362
643
33
572
804
426
827
345
76
456
69
408
920
386
44
665
484
772
348
775
581
639
839
565
842
549
544
921
69
134
243
915
466
499
38
881
418
234
470
617
472
640
170
452
368
919
568
102
566
326
810
718
824
328
286
944
432
334
235
658
815
376
952
669
321
37
760
952
536
957
635
588
546
146
426
645
102
407
806
688
833
20
214
499
518
814
864
87
722
880
867
530
883
298
757
913
244
226
585
522
510
368
604
155
425
496
17
285
691
927
448
755
580
122
755
389
961
55
873
832
849
291
891
544
880
375
732
541
754
54
58
305
484
47
113
931
634
561
168
577
83
274
285
110
175
396
352
305
10
794
593
428
649
895
255
394
540
887
253
790
926
344
211
379
285
680
133
150
845
932
859
601
553
510
16
237
94
803
230
770
654
372
902
817
506
264
510
335
98
14
62
793
7
203
142
223
340
967
401
559
36
735
187
666
537
780
438
749
120
630
300
933
700
419
321
247
214
515
653
67
252
818
987
139
675
382
216
626
332
674
36
913
746
359
902
379
59
268
962
422
146
587
77
248
25
13
732
579
531
391
145
484
746
824
480
20
236
932
280
701
421
282
274
936
309
98
105
324
457
537
445
893
963
277
748
211
507
486
540
155
901
254
940
179
12
161
38
184
324
526
165
957
521
770
105
64
126
995
764
10
883
671
819
470
868
344
560
681
782
505
839
805
887
191
74
539
700
15
455
245
860
305
57
47
163
947
500
833
456
777
209
139
368
622
745
47
936
727
970
520
93
395
20
342
664
954
166
334
27
826
318
523
477
780
455
632
821
430
749
557
637
408
973
466
232
119
688
425
3
573
138
660
162
732
586
15
375
790
397
447
352
921
713
601
864
743
498
381
871
756
311
667
578
875
760
299
454
260
998
108
395
705
234
661
36
914
808
902
23
896
865
374
475
721
146
411
738
469
667
523
119
888
949
82
22
674
981
856
249
335
530
461
619
678
208
517
962
842
224
112
674
726
658
955
15
391
945
824
803
827
76
849
200
130
279
302
885
611
903
651
303
434
585
900
139
783
46
345
745
867
995
262
740
210
551
114
995
806
493
581
962
755
319
107
198
507
27
746
19
656
234
980
880
617
80
787
948
74
120
700
161
963
665
432
699
948
228
49
35
396
541
284
871
407
830
982
115
924
846
91
6
281
372
484
731
570
643
357
740
165
900
225
816
613
387
410
975
299
6
362
775
446
600
16
725
264
271
627
570
136
891
582
244
844
104
516
444
619
863
798
298
253
14
285
389
880
810
988
911
361
773
908
297
797
490
89
438
569
571
977
175
181
157
305
323
841
264
936
985
420
72
775
391
54
539
519
204
57
268
920
843
518
758
999
620
481
258
112
310
114
473
702
933
935
497
279
294
724
60
198
541
500
566
81
33
595
705
527
938
974
894
528
481
222
343
651
226
595
454
714
715
69
461
352
474
962
742
76
518
281
418
900
667
97
48
839
488
951
110
587
259
393
952
728
809
429
505
822
851
829
888
85
645
706
901
796
411
178
592
487
564
277
864
604
631
157
275
937
549
972
327
29
165
419
311
315
81
972
514
197
233
669
647
999
622
406
920
950
654
719
786
265
518
753
841
35
805
31
533
320
293
582
243
818
868
965
725
714
420
838
10
529
851
600
632
350
243
864
222
699
462
231
839
279
550
647
45
934
167
363
276
673
17
76
97
883
84
23
608
654
46
184
734
361
270
745
671
289
267
703
185
507
696
892
10
381
311
796
123
143
899
678
362
791
235
377
802
5
275
904
897
97
90
109
972
503
923
363
23
839
846
654
587
767
783
977
379
132
113
981
97
603
829
57
201
600
682
727
378
885
145
737
549
359
267
875
715
252
451
37
202
551
39
873
531
989
501
52
769
259
233
107
427
372
554
134
217
912
771
443
778
861
378
185
616
818
431
510
726
144
500
231
195
427
404
748
580
936
307
686
482
682
265
556
590
955
860
443
769
550
215
606
121
614
40
725
334
772
944
759
475
668
744
348
896
29
677
141
533
629
46
154
530
693
984
56
968
767
599
612
195
400
127
256
222
404
519
903
326
417
708
850
201
848
461
87
965
200
320
739
30
680
852
193
39
190
510
715
579
346
162
679
878
254
638
557
79
583
565
917
129
434
528
688
614
682
826
508
150
904
959
513
683
870
256
751
968
693
788
703
913
247
412
422
177
116
842
710
100
488
998
199
584
407
236
409
972
809
653
220
390
550
602
436
832
537
292
226
505
972
461
183
302
979
763
433
154
341
367
130
206
524
721
470
949
99
877
193
296
774
59
75
318
254
40
804
120
824
689
396
617
734
713
184
100
807
536
140
259
837
149
197
576
785
604
154
280
259
893
2
374
117
41
247
219
264
978
405
609
383
76
581
639
957
775
716
904
576
415
555
205
763
368
547
113
477
155
893
511
809
945
558
799
890
412
102
347
740
427
794
10
30
581
370
835
497
976
402
544
708
589
512
944
645
215
825
364
783
203
38
352
963
225
174
671
13
755
183
753
691
235
584
263
458
621
602
307
619
501
552
515
608
56
301
823
392
305
474
420
361
259
232
90
200
30
52
825
866
457
220
75
432
735
18
541
21
180
13
435
65
708
603
803
321
923
222
165
392
464
512
947
959
466
506
838
187
260
595
474
831
56
385
106
949
763
526
751
461
9
569
406
97
550
356
294
379
563
749
634
807
425
382
536
879
50
352
399
359
412
610
773
391
510
38
584
223
304
997
930
268
149
149
134
89
722
862
564
428
799
681
214
365
833
908
674
988
468
655
814
589
56
57
977
805
620
267
7
104
111
609
178
543
574
234
254
164
212
514
461
15
638
151
57
6
13
270
719
771
16
463
784
337
772
419
873
801
626
620
484
396
498
981
68
127
759
818
203
983
721
1
39
885
986
283
690
348
511
697
337
426
670
573
108
780
442
175
566
929
951
286
226
543
292
817
743
978
558
990
428
53
151
414
126
455
432
286
304
311
221
256
530
396
823
980
325
275
620
97
705
50
594
721
899
205
640
45
994
50
599
297
11
790
392
34
120
62
853
337
728
352
116
492
721
189
286
867
826
896
159
660
481
619
511
16
946
403
385
600
594
21
575
90
320
110
911
598
845
499
617
456
824
692
583
258
842
347
320
245
350
175
784
80
377
837
887
477
497
613
370
741
942
883
338
408
185
429
328
576
719
903
239
502
439
982
654
468
863
481
996
717
331
666
173
505
102
529
114
268
896
753
167
165
360
904
93
987
858
237
953
800
403
189
724
23
10
353
917
535
922
197
199
171
368
152
933
533
519
382
549
461
52
318
353
491
590
880
330
611
787
882
317
76
260
124
985
661
739
222
531
277
822
90
266
155
989
622
448
119
455
659
920
73
733
719
575
54
749
525
57
678
50
618
58
549
570
47
613
587
120
716
234
748
423
631
372
664
516
662
821
744
734
675
24
886
524
311
160
128
396
63
359
420
196
299
677
659
734
578
582
617
268
629
654
851
7
662
968
457
249
138
558
321
866
718
17
632
401
264
229
482
346
284
405
925
160
135
261
915
580
45
244
734
502
734
43
402
347
305
752
879
406
345
298
715
251
442
655
455
189
622
467
349
705
104
191
172
887
112
522
498
838
533
225
26
534
637
481
618
654
550
613
584
830
521
663
726
97
28
502
398
488
468
423
874
741
888
557
569
355
834
734
181
137
656
733
532
451
611
672
440
470
953
616
697
742
443
448
223
693
832
572
897
340
471
195
670
266
261
426
333
223
996
823
378
463
20
316
47
817
320
559
519
965
473
83
285
170
593
136
358
517
966
227
693
397
450
476
686
306
364
473
481
975
776
162
981
184
589
543
33
28
770
220
271
261
168
2
761
986
515
569
87
313
679
528
154
464
219
424
296
122
640
701
190
644
441
107
733
172
200
738
716
173
197
848
889
256
885
258
438
901
534
764
132
935
503
747
216
176
710
920
51
742
813
223
683
138
209
137
746
25
673
399
431
787
912
973
543
927
403
135
35
317
478
267
544
453
796
715
196
698
165
1000
311
470
431
334
282
638
485
447
241
366
164
955
807
457
149
323
186
444
508
241
764
944
398
658
317
68
15
809
233
690
143
810
288
54
768
688
487
898
303
615
931
861
26
268
726
106
305
752
951
251
264
786
795
89
583
381
796
852
682
781
394
747
536
815
136
860
567
83
494
972
37
840
792
332
758
860
587
626
166
567
133
869
278
176
422
549
862
435
134
504
769
445
928
385
23
627
626
936
72
415
822
144
436
235
789
854
83
462
266
911
858
153
912
52
665
549
471
160
457
264
897
657
162
518
516
817
295
16
969
423
9
966
893
941
294
509
894
350
162
454
264
973
331
953
662
911
127
315
736
892
602
166
396
859
856
653
464
66
650
564
150
948
727
337
121
338
201
435
162
293
415
908
882
795
191
685
186
902
128
516
644
779
759
30
150
43
993
165
32
549
320
877
196
292
611
159
560
334
146
684
227
712
387
303
226
371
455
782
30
832
759
171
410
917
677
34
69
543
618
399
468
457
915
167
742
570
313
70
887
774
845
303
202
86
586
335
662
113
220
598
356
445
999
155
988
542
18
821
52
776
317
678
81
514
614
483
742
704
186
495
68
272
997
967
20
555
936
652
767
85
801
382
53
794
147
705
947
596
538
830
885
364
87
50
463
32
895
480
431
755
519
878
15
838
3
229
58
280
809
777
438
400
245
165
518
167
140
451
415
300
506
8
293
39
623
72
155
131
406
559
759
40
697
736
300
923
590
113
387
481
955
166
471
237
173
605
623
713
958
611
225
271
445
48
155
71
921
143
362
895
661
627
958
570
287
151
974
652
546
581
903
198
186
341
437
872
36
998
409
812
950
37
403
103
798
21
667
483
590
222
832
482
554
358
306
223
595
695
724
328
749
60
521
98
175
677
854
723
95
942
478
907
315
774
845
897
203
614
745
754
507
808
915
205
889
972
511
753
605
744
59
695
859
846
809
67
712
329
473
212
147
424
764
920
289
316
708
583
92
500
715
455
719
915
606
70
447
409
560
769
512
504
894
256
852
579
598
540
863
338
55
281
398
966
126
730
979
611
208
444
53
622
705
974
757
756
734
744
113
122
339
581
617
142
470
362
959
119
501
162
465
973
975
383
699
293
194
256
657
768
841
81
176
20
108
887
135
640
646
151
812
701
733
694
258
969
256
470
908
575
675
580
680
46
152
31
829
663
544
67
410
672
933
358
442
747
648
316
284
921
681
61
587
196
69
548
347
546
143
99
769
523
779
819
299
16
968
446
169
162
765
627
206
779
601
190
551
467
798
127
86
174
300
715
566
245
421
770
795
519
529
306
740
256
864
819
565
699
967
161
671
660
258
532
747
866
839
549
945
999
710
532
781
14
85
694
801
602
551
744
892
105
82
729
469
181
98
718
721
104
173
251
757
136
111
525
804
594
235
521
528
260
785
700
450
567
164
417
457
995
776
294
174
173
600
837
796
859
860
828
634
798
691
937
13
152
532
948
255
617
470
772
781
524
126
291
435
10
329
407
264
67
64
211
931
107
456
256
584
243
145
557
50
130
476
950
559
494
375
869
687
331
207
783
901
966
856
220
659
169
509
286
712
903
526
74
459
631
390
727
598
753
62
476
798
402
483
999
254
864
658
929
382
564
907
157
284
542
511
653
546
855
59
997
634
415
614
998
631
492
65
833
390
729
160
459
661
780
200
460
941
869
941
573
889
732
729
390
833
409
128
923
488
412
102
261
323
972
966
16
15
515
290
275
70
75
865
790
356
49
344
192
682
728
922
731
505
141
748
87
13
145
357
305
673
880
479
125
529
164
726
847
541
452
520
176
959
14
433
227
310
806
468
713
762
128
610
221
534
517
328
392
362
181
422
843
67
992
528
506
230
721
762
212
633
495
478
779
923
303
648
94
153
843
140
946
361
702
444
640
692
206
148
394
24
224
50
379
716
712
704
564
191
773
438
266
356
873
195
857
819
754
395
335
576
313
685
633
594
203
476
236
454
902
567
72
377
943
976
394
99
649
385
689
362
148
538
458
49
392
872
191
649
730
749
962
818
373
700
799
743
291
425
757
731
564
266
690
207
846
492
76
445
91
119
880
986
693
768
550
788
80
211
241
980
433
277
529
159
316
695
264
88
406
83
200
31
181
863
844
149
627
441
680
732
845
810
415
135
134
561
49
737
497
336
180
644
586
992
691
741
903
290
691
779
433
597
677
886
363
287
370
502
611
717
17
469
27
259
643
529
134
834
817
447
844
92
432
832
25
2
347
204
839
250
713
167
255
44
933
104
924
802
728
350
855
559
843
840
368
687
895
861
726
904
902
661
871
936
512
180
696
773
109
22
414
616
702
967
704
404
959
278
733
908
821
506
292
362
840
237
587
757
622
973
219
987
382
956
524
774
247
481
918
426
937
321
6
920
341
995
226
299
829
970
480
885
184
869
251
463
816
699
436
52
335
129
46
698
771
610
393
374
79
625
265
208
450
326
977
656
508
788
118
803
169
211
651
187
801
500
922
141
180
934
446
336
213
426
73
780
634
468
203
47
433
881
347
526
247
461
879
517
879
135
704
248
182
264
954
956
963
332
51
790
103
118
897
343
441
17
785
659
14
440
136
175
479
898
687
92
600
327
716
524
575
542
315
996
120
108
778
313
959
240
569
1
832
191
194
149
53
275
995
309
490
204
578
783
622
910
990
838
117
477
863
506
711
952
389
173
484
574
288
964
617
707
523
629
240
772
130
641
998
657
423
720
931
939
208
427
515
545
565
94
738
688
800
780
547
478
382
745
25
262
775
263
43
371
543
837
909
601
72
19
423
867
653
793
647
696
82
737
399
585
60
828
984
123
551
957
162
267
250
327
302
962
377
735
68
844
792
341
603
972
902
250
223
766
986
508
583
851
520
39
900
555
21
933
688
610
215
74
937
767
167
172
447
369
325
863
540
74
497
317
207
682
651
7
883
172
957
70
633
578
5
459
699
130
552
12
625
105
754
920
640
149
778
873
143
440
566
344
729
742
465
198
606
571
585
33
182
566
150
742
504
136
206
927
48
371
28
549
892
916
146
630
890
313
406
120
65
728
676
474
982
265
610
238
559
300
126
363
585
596
231
910
649
54
965
959
844
108
577
764
746
341
429
289
501
694
136
633
677
365
618
505
684
429
528
381
52
995
625
348
797
499
320
846
760
681
394
580
871
309
601
885
955
894
292
527
266
841
600
850
385
643
436
142
565
725
230
45
251
46
675
863
36
792
968
854
966
266
283
578
688
521
342
287
785
978
356
137
720
231
42
800
825
463
553
287
544
875
462
861
59
697
591
832
791
232
659
695
99
207
397
889
768
701
406
77
186
600
562
269
234
697
623
83
724
609
575
775
339
5
896
913
417
808
481
60
355
231
58
680
667
10
343
946
240
102
493
39
172
776
906
941
651
651
794
688
705
466
674
32
821
476
531
556
317
606
536
632
262
991
124
119
477
937
134
72
965
959
176
5
311
167
446
49
980
521
495
887
797
270
948
671
807
871
113
884
780
654
159
936
246
634
263
500
816
919
163
493
998
624
439
340
278
58
794
501
907
727
692
139
294
628
907
417
405
832
113
362
396
534
999
582
999
580
933
242
630
129
249
258
159
700
913
335
84
594
110
515
71
825
980
367
529
528
230
919
215
378
767
636
803
508
70
406
309
893
398
701
52
81
122
989
428
693
546
240
114
798
794
118
287
550
226
741
59
607
425
684
879
992
124
633
960
818
889
407
372
540
588
913
316
307
608
765
218
452
852
612
477
290
185
156
594
30
494
54
195
583
323
17
220
586
550
778
898
482
958
742
664
814
344
404
346
552
111
825
170
88
561
482
91
896
129
484
186
689
741
683
444
411
894
553
589
492
344
737
852
97
623
768
489
450
247
860
129
1000
520
685
576
312
434
28
788
278
375
275
840
53
574
442
471
134
235
154
403
849
67
462
31
92
116
329
233
830
806
989
607
801
732
771
528
414
659
233
844
190
797
543
943
625
802
976
125
933
135
8
211
889
699
752
216
819
893
5
120
360
892
690
193
280
866
320
758
201
904
340
618
951
424
86
253
754
802
491
324
499
406
551
203
605
40
565
945
443
764
429
583
86
168
552
113
756
897
178
453
550
144
909
859
288
261
328
744
149
711
77
855
590
715
120
651
818
70
583
244
378
905
533
938
764
670
927
317
875
272
452
549
75
303
138
149
999
607
60
952
531
921
879
461
403
490
24
2
428
652
123
894
660
442
563
507
45
974
710
371
491
919
520
632
374
695
162
225
101
373
587
710
691
955
61
461
51
212
683
57
277
397
825
548
296
624
1
19
374
837
556
11
775
877
757
271
945
34
179
298
227
180
416
113
749
335
783
133
506
360
789
676
742
808
898
375
823
773
582
478
688
952
913
808
714
295
792
231
903
340
142
736
76
571
604
152
579
989
116
49
17
311
607
954
241
574
494
489
157
205
470
404
429
758
412
586
774
339
508
934
93
543
869
541
491
941
706
230
66
621
237
483
44
876
737
854
9
724
718
940
383
609
980
409
962
281
178
171
279
102
238
36
915
784
520
946
59
761
223
188
652
888
749
914
41
675
933
941
117
86
66
355
105
254
909
141
818
644
307
872
293
255
600
623
811
77
103
936
643
518
735
763
491
14
816
966
198
672
196
928
919
297
517
132
107
567
633
156
44
904
233
470
448
989
229
138
350
552
882
128
351
170
980
938
312
28
763
55
816
185
379
450
529
739
483
100
270
863
495
789
286
924
764
531
682
137
848
355
741
233
151
62
743
937
413
977
339
361
64
873
603
568
276
764
608
520
94
272
79
35
223
965
293
463
681
200
572
55
658
52
919
191
791
277
871
127
290
714
763
709
694
900
707
785
333
191
475
805
314
321
147
666
633
361
414
355
101
310
79
29
252
358
888
665
696
345
768
192
82
45
16
14
373
775
339
723
251
582
927
550
845
890
899
535
815
858
519
696
445
951
351
984
571
360
277
316
905
823
844
432
266
772
629
211
462
746
757
555
829
191
471
974
526
332
257
965
703
659
427
881
626
537
721
825
260
178
817
892
153
873
273
613
511
584
873
445
355
276
187
900
659
437
42
167
624
718
14
695
898
714
354
166
871
154
819
649
654
344
181
382
988
448
721
785
187
399
42
505
741
522
705
730
967
758
558
647
311
455
210
249
962
917
83
87
642
807
900
437
770
549
722
366
967
485
156
235
232
717
678
123
324
470
200
720
22
238
53
666
708
76
82
306
843
552
574
359
598
662
83
790
169
507
483
900
704
119
309
686
499
657
908
252
618
288
232
326
534
689
381
753
956
838
813
874
671
92
29
802
493
963
336
899
33
672
458
613
646
657
111
941
997
649
433
33
996
182
196
974
622
112
539
394
708
333
147
852
590
808
372
645
500
992
719
647
831
377
52
22
674
319
702
3
957
69
719
454
233
123
348
696
144
791
757
506
907
344
764
615
678
561
258
960
954
232
512
495
525
859
684
425
426
921
50
871
327
104
762
209
753
100
70
466
914
508
959
334
435
251
980
571
970
419
185
267
949
68
982
962
14
952
533
791
950
197
379
848
630
325
720
153
899
836
533
282
512
660
260
578
327
387
502
13
442
16
103
612
179
714
944
720
220
117
275
518
947
167
974
214
606
148
848
324
597
426
454
889
13
430
931
391
706
355
987
117
313
772
913
5
470
802
727
759
395
796
415
120
662
563
430
467
866
956
85
530
75
816
12
270
713
887
744
495
196
314
334
177
994
637
696
108
536
645
259
821
519
18
179
342
122
661
258
481
982
850
622
338
461
327
275
495
274
853
287
202
543
205
12
378
841
694
3
273
362
424
710
381
898
633
939
659
511
913
335
580
355
708
720
749
605
147
349
25
324
536
58
448
153
719
704
648
37
871
458
781
769
571
562
9
991
352
764
229
422
528
218
353
553
639
440
190
377
403
267
733
309
481
107
176
691
26
76
582
397
409
713
34
178
908
590
433
118
713
564
18
711
820
396
279
328
775
29
823
525
859
698
390
64
743
910
949
139
932
25
18
382
710
659
554
767
197
482
164
905
277
64
616
367
845
766
871
583
423
123
126
910
110
197
493
981
276
765
418
719
845
857
280
416
562
715
270
119
933
547
624
41
758
511
577
768
942
313
575
110
840
60
98
739
413
888
135
301
872
643
781
550
357
503
444
529
651
929
3
415
748
808
423
748
644
929
832
536
231
258
33
810
681
292
504
849
482
361
541
409
75
721
393
626
486
351
502
376
608
142
600
786
732
363
885
639
438
222
832
763
3
941
146
858
891
914
904
239
936
949
978
988
821
237
374
911
33
209
312
792
329
691
459
951
795
221
848
851
834
582
531
71
857
982
66
172
717
563
734
41
911
466
94
983
556
490
139
480
888
747
788
919
225
591
899
303
376
588
939
3
882
724
160
932
520
306
889
776
612
767
398
668
262
599
395
736
343
201
428
293
444
337
528
977
95
58
336
335
495
440
881
340
288
793
827
160
15
456
891
308
992
153
205
932
518
124
367
271
812
572
422
781
800
734
318
396
374
415
22
736
576
889
328
635
542
745
248
852
488
965
394
223
646
451
181
159
620
434
638
582
37
759
573
58
226
6
611
701
427
981
813
357
49
880
609
67
230
645
368
552
746
567
928
400
135
127
615
468
561
576
118
413
428
134
60
635
792
92
421
183
994
261
435
813
416
455
382
767
255
687
454
842
569
242
70
898
124
543
40
580
654
178
500
6
671
563
974
108
57
625
26
539
529
465
522
590
997
883
160
417
657
507
32
892
612
394
434
660
337
317
48
323
270
581
241
9
126
498
711
730
779
867
815
219
252
494
227
260
238
83
114
914
157
431
978
311
245
861
986
17
151
349
235
683
166
247
627
635
191
762
600
55
72
970
321
586
778
819
278
707
548
192
213
191
421
412
315
422
771
829
377
139
25
771
407
424
350
894
546
435
399
394
801
51
136
310
568
366
231
707
240
787
640
695
613
154
266
397
776
10
462
542
589
486
278
406
863
453
750
600
328
381
987
795
430
844
338
87
685
13
647
360
325
426
248
830
742
266
524
695
284
872
808
686
107
435
650
261
824
518
1000
169
152
23
570
798
49
273
352
674
897
358
958
999
490
525
696
667
604
390
384
704
386
872
29
18
330
679
968
798
584
720
959
266
100
177
373
867
267
574
108
339
61
655
572
487
218
552
23
931
70
770
981
748
313
737
349
850
751
420
48
210
845
887
905
371
333
673
81
421
840
83
211
864
826
575
53
384
44
405
272
494
977
590
75
156
165
156
895
142
210
536
760
386
613
53
435
261
501
990
258
795
405
734
336
2
221
707
882
960
17
804
122
367
743
124
496
216
726
692
493
485
545
53
841
348
305
978
364
597
434
691
540
592
793
718
76
567
502
496
866
23
986
226
900
468
568
838
514
431
274
231
529
374
97
445
915
352
579
126
125
483
783
489
635
301
979
973
160
100
300
715
911
968
469
271
62
547
565
471
308
152
463
849
682
614
716
588
443
531
691
192
687
796
15
476
990
451
645
797
672
389
578
10
378
797
259
888
274
14
394
534
168
525
691
701
666
581
953
259
13
672
438
146
473
816
209
10
302
799
225
830
237
745
37
212
275
159
721
520
929
506
859
688
220
699
525
712
188
573
502
861
923
142
874
763
206
2
947
755
902
18
526
832
655
930
379
295
810
914
793
657
515
746
53
75
266
862
584
898
372
345
407
472
950
937
281
809
402
921
572
953
194
295
770
177
19
914
1
451
418
191
236
600
587
374
562
63
20
30
86
610
233
776
586
237
987
830
128
356
11
606
851
369
955
378
175
446
156
170
597
987
399
710
286
547
317
400
520
600
120
985
610
731
808
47
655
145
509
78
563
200
318
866
163
784
733
447
968
10
589
389
949
231
441
920
769
452
938
292
215
476
672
970
679
894
567
472
248
272
552
30
210
912
905
473
125
79
474
18
659
753
134
137
774
53
387
238
960
400
780
444
962
461
276
245
664
301
380
192
982
49
288
948
620
398
189
126
707
726
975
451
934
512
610
651
165
630
884
937
231
610
972
826
776
375
10
651
296
240
948
884
696
12
484
387
337
43
932
494
268
695
415
907
250
326
302
878
395
143
173
85
79
166
914
230
760
498
899
368
878
83
829
410
930
291
315
974
185
140
194
123
507
154
165
323
355
916
834
77
842
296
77
291
617
124
862
450
756
650
212
310
448
733
876
114
797
64
387
324
729
103
981
836
788
471
16
207
298
669
770
412
211
57
331
866
613
730
265
128
968
390
233
991
402
1000
875
646
581
125
927
312
934
442
683
733
859
224
925
976
200
183
866
778
576
853
761
98
82
431
806
225
643
307
557
886
384
777
930
352
549
565
252
492
504
607
321
448
549
542
251
846
488
806
380
184
522
176
75
977
244
250
831
852
36
449
94
994
610
475
184
124
541
893
497
366
385
989
61
464
226
665
846
564
761
684
575
293
205
291
423
141
503
544
323
924
240
304
780
123
564
889
861
189
692
144
581
504
111
475
646
311
316
145
809
374
600
142
790
650
753
820
784
565
860
550
875
749
808
474
996
49
330
703
820
580
984
822
410
760
504
451
203
30
321
220
925
785
380
249
312
900
856
404
608
478
849
784
381
329
813
388
790
555
543
531
395
803
203
77
723
86
657
399
281
531
898
734
883
662
412
316
393
827
397
456
636
670
209
250
681
662
599
367
549
306
284
802
890
665
609
34
156
699
921
535
893
66
432
316
538
708
347
5
125
470
383
177
825
824
156
671
93
22
769
958
440
348
98
622
381
64
500
785
339
268
14
108
652
986
370
975
138
759
758
454
294
611
308
626
125
994
368
596
965
63
570
968
719
700
960
702
152
445
587
278
137
703
121
277
991
112
342
667
661
886
262
774
872
454
825
199
818
3
679
826
713
390
12
208
149
607
918
654
260
880
672
407
596
315
550
950
436
578
647
395
869
725
12
464
612
121
19
85
580
812
873
843
571
930
484
872
704
15
262
964
156
877
371
274
679
896
12
450
176
288
361
760
473
460
265
168
801
793
231
426
938
716
93
934
379
189
581
626
431
770
116
946
87
175
391
659
562
420
81
718
894
772
588
230
634
81
253
636
266
962
714
354
280
11
788
981
76
468
39
504
699
790
728
654
977
252
457
72
921
997
396
25
873
317
858
852
690
905
874
841
802
557
753
916
405
91
937
585
234
345
509
779
150
544
385
162
921
161
397
149
729
989
17
904
343
861
960
560
134
575
486
22
464
529
515
899
152
852
200
354
43
151
231
808
479
501
706
116
537
521
958
180
535
839
671
539
189
132
120
638
166
648
71
948
412
623
179
601
582
31
981
583
628
271
324
476
770
847
928
748
856
515
660
212
236
638
596
905
917
458
468
172
176
831
143
821
678
288
764
662
63
948
969
239
265
625
236
769
142
982
478
444
244
762
695
512
421
67
922
313
996
632
324
161
808
883
591
190
238
542
891
609
172
444
832
836
686
858
626
367
285
903
724
206
203
143
402
83
717
645
755
196
265
65
541
532
290
518
831
856
930
860
398
157
943
967
270
954
956
753
782
573
16
435
632
825
201
412
961
66
413
780
551
685
550
860
319
212
402
815
640
376
341
226
737
20
112
259
612
65
68
439
997
447
190
112
274
7
253
93
784
957
691
111
893
963
397
854
563
118
538
838
550
445
926
988
453
419
596
340
438
71
180
972
554
464
387
609
474
697
678
668
738
185
298
318
854
864
431
976
767
351
343
522
706
773
971
2
829
728
911
477
646
373
424
814
141
244
966
291
179
18
757
261
488
958
536
109
695
320
377
222
395
899
924
577
64
229
596
721
915
462
166
345
812
143
751
774
439
94
389
36
935
751
586
642
185
192
516
576
682
341
318
924
361
256
710
622
286
739
719
50
435
858
714
195
990
629
868
149
695
590
155
536
194
741
292
959
813
224
204
940
51
814
12
86
717
983
581
51
652
332
197
108
535
6
69
278
985
389
591
587
335
642
156
662
719
263
455
834
521
838
695
198
47
834
95
476
164
325
99
990
894
374
30
330
399
871
507
320
707
445
997
218
360
944
615
664
473
441
430
107
540
873
817
463
516
457
195
861
18
343
265
148
951
319
842
659
335
37
506
610
666
88
172
995
573
983
236
599
923
118
395
792
906
178
115
31
319
860
335
476
945
34
632
813
509
971
869
239
345
47
568
585
34
837
659
923
938
22
89
187
904
860
557
243
881
646
304
469
335
363
758
36
900
199
977
77
219
141
390
713
33
650
492
969
934
297
199
220
981
25
395
247
60
279
89
33
928
138
743
672
926
210
529
203
69
819
452
813
441
333
955
972
421
994
382
867
157
350
414
719
564
351
292
485
862
891
534
963
907
374
161
958
596
356
115
957
7
649
192
731
414
279
160
371
80
147
823
467
915
176
783
50
259
722
294
409
287
142
950
422
901
779
922
561
779
56
743
292
25
21
280
533
752
154
957
181
399
542
156
927
195
500
182
402
679
63
996
298
677
856
188
859
700
10
994
271
823
700
809
279
85
23
202
327
433
596
66
837
397
778
49
61
123
198
320
726
553
436
314
25
920
196
664
149
224
203
778
357
655
47
45
39
588
666
970
201
334
552
687
869
125
144
83
546
208
233
564
776
124
218
834
341
271
891
896
866
528
462
548
806
277
132
758
117
770
915
975
563
271
618
467
132
418
694
893
40
993
967
703
659
589
988
825
285
284
866
498
397
594
642
459
457
913
553
565
294
145
322
610
720
894
307
910
553
120
46
43
39
278
952
510
822
791
647
158
409
706
447
252
45
959
729
803
472
793
96
417
85
771
259
625
146
252
577
9
47
925
708
413
803
799
854
750
864
328
399
245
473
798
133
791
882
90
75
454
514
872
285
745
970
857
700
228
45
336
909
714
969
19
331
509
490
570
957
941
14
546
192
487
21
670
47
181
354
878
243
898
880
706
154
990
74
233
990
605
293
95
12
593
62
978
709
290
506
793
855
277
891
519
752
550
112
905
71
727
785
739
712
999
701
739
105
653
921
689
168
795
771
350
362
391
826
590
146
83
108
963
324
555
870
426
589
679
35
95
763
651
162
954
346
971
59
167
25
686
519
809
986
775
731
46
966
593
976
193
930
538
895
763
101
401
86
134
50
569
153
55
401
472
205
183
774
607
911
611
427
380
945
998
199
992
949
267
106
392
670
382
761
437
576
314
536
824
132
658
759
527
185
53
424
284
300
450
290
698
958
724
131
474
584
544
74
594
573
754
83
353
79
883
146
836
314
448
684
870
285
230
540
380
101
868
425
141
417
436
201
68
978
745
549
911
180
402
220
808
362
343
747
707
593
296
429
234
298
401
940
631
905
822
256
386
126
811
959
495
18
890
966
627
456
538
374
887
957
851
818
589
225
219
317
738
466
264
358
263
259
55
641
889
763
885
947
297
154
89
506
887
33
593
422
910
383
9
463
695
39
75
286
764
119
5
944
822
462
997
341
293
172
190
626
659
869
826
31
246
789
399
100
352
775
655
19
152
725
335
401
732
406
801
257
270
140
574
592
285
377
398
745
432
896
501
909
5
244
759
411
86
290
320
19
428
399
792
350
395
82
799
479
44
704
928
467
663
886
176
800
555
787
972
124
89
580
881
436
590
917
167
926
567
594
720
907
890
136
246
366
344
856
705
666
525
847
143
433
134
108
404
371
352
736
307
315
46
191
815
980
386
733
882
14
728
685
565
618
883
793
753
58
996
215
768
985
155
155
312
149
805
518
357
271
594
596
183
821
284
333
107
251
129
741
525
95
574
648
942
78
554
935
18
767
948
810
863
13
399
665
130
954
790
413
378
316
261
602
97
774
628
853
897
656
425
430
460
418
296
808
9
854
420
203
535
178
629
310
897
368
853
556
683
282
417
560
835
73
967
193
965
972
768
450
895
750
167
844
160
88
674
660
565
731
753
75
641
138
722
287
820
737
644
919
738
685
431
765
381
188
427
722
976
239
810
635
52
859
636
297
784
670
488
983
718
127
884
494
1000
480
376
484
121
689
748
390
729
854
897
256
553
661
695
961
416
763
91
583
96
701
844
810
397
352
687
227
158
274
305
862
199
30
116
227
927
378
860
33
280
377
353
118
660
630
561
676
290
140
313
101
350
498
329
952
30
750
991
678
947
605
770
654
285
631
688
191
340
976
134
803
808
875
622
937
227
428
831
243
830
276
384
439
140
309
773
35
353
725
409
826
19
765
759
326
352
576
634
16
841
19
172
105
483
365
368
486
421
327
421
698
144
908
812
271
906
585
199
669
839
235
654
104
674
328
862
555
854
898
177
429
785
310
997
116
555
472
813
610
310
494
392
165
682
874
996
353
561
51
447
983
215
437
553
225
111
669
698
486
344
958
761
731
634
448
482
84
498
215
562
239
388
798
3
379
125
946
740
54
591
800
120
148
268
760
751
693
550
551
232
559
41
535
231
214
885
956
357
94
744
40
363
198
4
680
80
338
267
793
225
731
588
811
361
141
688
466
532
559
626
896
93
740
888
12
787
269
984
786
678
910
280
767
81
322
537
936
483
192
640
526
489
327
173
6
693
428
951
850
103
586
835
458
971
864
931
278
940
443
150
419
921
417
558
142
776
945
793
477
569
885
619
770
116
188
298
813
403
513
955
1
11
195
537
848
3
864
171
69
832
299
245
413
582
917
813
540
88
814
819
517
240
611
269
230
273
724
224
390
481
437
30
954
917
365
415
515
504
664
255
481
524
645
568
517
527
349
887
751
738
432
859
43
526
456
845
887
905
467
744
189
150
730
830
979
267
413
990
152
808
660
200
666
789
594
712
851
277
629
520
907
45
936
302
469
114
515
981
723
54
756
598
743
175
954
109
186
860
331
225
418
952
214
432
33
988
501
423
234
65
934
761
677
805
192
686
244
403
124
583
176
377
535
492
942
319
72
897
630
985
644
934
907
641
462
288
899
167
285
580
994
21
19
150
409
14
2
315
239
360
755
908
253
523
371
895
870
415
678
662
737
406
558
376
711
357
727
266
231
992
754
789
203
736
629
954
543
205
762
755
57
325
563
280
604
127
341
563
327
514
525
697
184
149
716
588
143
558
287
689
649
117
346
417
894
298
545
402
732
746
37
622
990
981
405
40
321
685
637
630
105
211
760
516
302
691
832
297
791
59
654
781
92
394
634
968
934
23
322
450
855
841
613
138
238
842
738
989
647
150
790
409
417
236
443
349
686
151
402
7
753
453
410
335
399
394
976
461
231
330
631
631
158
11
267
513
755
316
417
251
741
335
678
243
697
236
610
497
293
244
115
458
191
51
113
882
985
900
601
888
906
763
735
527
707
306
650
353
651
202
592
448
317
681
165
705
905
479
7
336
352
646
885
277
686
540
43
305
327
958
544
148
349
350
664
365
997
374
360
689
388
182
915
864
938
622
258
23
376
723
735
182
99
169
511
513
611
430
815
998
474
300
33
743
35
161
17
313
676
310
634
243
472
625
704
912
369
143
313
956
970
54
897
229
652
708
409
209
854
789
228
273
914
59
799
836
348
145
78
800
993
230
711
708
336
845
6
550
83
215
909
911
53
287
361
986
777
409
361
131
679
637
872
246
300
484
49
855
449
29
114
877
938
126
576
291
86
967
747
133
289
643
598
677
815
856
163
725
772
883
876
958
230
755
809
448
591
454
699
761
774
101
689
774
590
422
982
738
20
254
381
578
245
884
655
808
356
199
419
678
153
646
526
700
825
579
237
427
988
141
438
713
28
749
434
818
798
456
418
925
549
93
729
344
824
399
901
485
275
662
620
662
669
225
180
642
12
931
425
91
65
778
315
540
293
481
461
313
717
639
761
884
903
381
969
307
796
500
518
186
834
10
663
660
803
462
492
413
218
852
768
762
248
593
477
568
415
323
307
593
441
600
425
625
185
342
678
897
497
181
128
652
896
857
357
847
894
82
719
280
955
467
943
427
770
727
567
686
344
666
322
98
63
453
637
32
361
176
215
830
469
524
937
694
583
989
797
848
595
679
830
107
222
201
843
776
905
105
882
665
588
651
857
67
552
944
696
63
325
847
451
90
591
465
480
507
199
464
643
835
515
592
595
760
735
608
553
271
338
808
283
647
499
65
548
803
967
275
114
602
509
953
948
48
389
934
1000
795
366
592
402
505
297
171
439
346
755
553
842
96
65
736
328
663
230
305
160
441
673
8
879
96
398
685
154
779
124
290
652
942
662
664
704
624
155
737
711
763
689
486
445
749
798
986
416
516
664
858
38
114
698
753
210
422
406
182
430
618
941
673
164
226
666
876
872
914
662
169
557
815
942
24
791
645
393
40
422
357
987
297
320
549
314
723
291
87
818
731
304
937
611
663
818
106
143
86
707
846
306
313
233
464
382
200
718
795
530
24
249
804
774
896
313
57
380
665
240
939
436
571
471
875
854
280
441
351
88
897
546
972
728
98
759
901
542
150
846
909
631
358
63
469
443
105
300
524
239
67
962
693
668
19
592
398
877
474
363
740
990
492
122
509
173
89
903
270
281
532
81
571
392
322
304
358
325
950
59
439
100
627
144
219
903
856
170
730
929
283
764
644
894
841
817
426
437
852
245
327
18
404
252
984
878
211
130
888
513
659
582
890
844
249
365
508
888
50
308
513
660
709
635
486
170
141
943
115
843
537
499
538
986
331
320
250
936
29
609
907
913
931
291
493
492
320
708
73
30
388
380
123
559
717
401
994
863
740
246
526
718
818
253
227
432
640
876
148
967
347
617
486
373
662
300
568
671
690
213
458
591
26
133
545
662
985
265
99
848
22
920
485
216
485
100
74
299
355
115
529
517
127
809
698
130
413
688
489
627
790
944
802
133
869
520
148
6
338
928
706
286
104
336
578
772
532
570
10
139
505
742
12
903
609
558
938
514
817
646
499
772
659
419
319
897
148
567
446
705
937
950
261
259
327
543
333
876
586
308
347
382
982
341
696
962
286
525
247
277
616
601
125
687
507
346
759
191
814
954
174
146
356
598
415
538
496
428
216
380
853
24
528
525
401
10
883
947
966
282
281
69
147
728
765
968
682
378
436
364
352
182
830
830
351
45
529
991
103
832
879
793
796
422
634
960
516
142
265
78
201
515
707
748
885
504
415
724
784
310
884
835
409
774
406
170
477
736
380
159
449
625
733
192
375
288
588
503
377
977
140
501
669
853
946
837
517
956
636
257
786
94
675
599
179
536
747
217
593
636
418
688
593
57
724
818
113
351
69
305
110
980
377
371
737
495
207
62
518
677
556
394
521
17
495
939
285
702
429
518
704
522
572
491
364
970
800
161
140
391
740
895
357
254
620
897
448
632
512
282
553
585
928
353
347
117
764
656
205
510
554
102
981
711
133
196
311
789
516
236
136
882
209
412
813
724
617
862
842
483
470
694
758
32
163
675
332
433
634
5
497
387
535
696
785
62
904
602
713
136
613
800
807
46
294
133
2
221
457
29
873
79
623
102
434
528
834
79
575
261
886
190
56
509
321
882
922
393
277
287
164
545
732
737
813
183
368
902
918
730
277
611
938
768
304
540
549
654
293
379
794
492
938
749
580
200
582
540
199
781
671
67
67
564
596
720
465
935
628
556
699
251
358
456
788
903
663
345
980
561
343
619
193
687
746
999
185
30
231
112
588
256
101
598
726
612
696
522
643
642
19
725
347
735
384
417
289
377
667
941
46
116
311
191
92
54
446
431
9
804
253
70
929
777
457
670
306
603
669
958
882
30
693
253
43
296
94
698
291
52
43
984
49
444
571
616
345
911
181
305
730
76
84
728
234
402
911
56
238
117
786
750
355
915
959
787
297
631
270
167
528
302
504
104
551
7
306
963
453
432
677
253
331
19
925
384
435
396
1
595
158
975
658
543
348
954
767
838
844
993
775
391
147
276
732
108
88
149
392
387
784
115
585
176
179
310
911
165
39
568
93
215
461
210
145
197
2
655
759
349
405
325
471
128
187
920
876
621
489
651
365
798
901
687
610
737
768
781
875
419
391
870
41
896
987
73
329
556
208
611
981
965
317
980
256
447
938
333
520
612
339
592
224
349
803
392
642
393
145
389
982
930
695
531
689
69
971
807
797
942
933
848
53
88
990
937
695
770
538
771
865
740
918
54
929
890
408
880
780
966
506
423
642
911
327
342
982
610
889
353
374
448
459
324
272
71
610
860
295
984
397
850
327
968
614
921
366
17
513
892
95
524
588
399
594
291
477
112
124
778
656
612
271
475
237
103
948
832
443
488
235
508
835
65
921
763
212
757
991
652
388
396
907
590
928
233
435
495
368
651
217
835
138
73
114
558
300
11
154
572
110
715
826
658
261
997
936
783
593
294
610
92
262
451
257
227
14
204
549
904
684
356
264
856
132
322
225
221
852
110
723
986
423
648
952
200
362
366
189
244
507
731
434
397
304
440
135
185
556
264
484
90
935
207
323
380
591
841
479
543
963
259
267
852
26
532
194
293
991
678
686
871
253
27
896
400
314
707
830
455
658
367
997
197
649
56
307
365
458
128
849
937
568
281
343
606
403
391
453
682
216
343
698
924
687
637
720
370
630
668
100
220
162
202
856
557
438
445
137
153
773
979
429
502
999
398
715
584
934
683
930
201
947
430
215
300
83
239
301
531
108
470
631
858
748
164
35
347
813
970
500
393
506
717
926
64
374
721
422
372
160
638
319
329
127
262
920
275
724
836
151
15
824
544
928
81
358
208
645
595
895
424
290
531
479
245
952
209
530
707
71
523
69
579
762
892
889
667
414
380
589
309
684
14
143
338
50
664
550
956
127
80
369
565
189
426
208
391
460
987
73
755
339
839
397
119
18
335
549
764
743
420
447
575
30
8
471
107
966
934
532
226
749
880
223
419
499
647
925
345
91
391
209
890
977
832
435
789
401
783
890
328
10
151
720
486
534
874
80
8
640
842
670
203
664
278
205
522
129
432
773
445
457
556
868
580
389
665
171
72
652
419
415
727
385
328
574
497
152
267
233
487
618
434
854
149
937
337
518
970
331
999
24
838
885
479
760
184
419
457
982
866
829
649
912
7
279
4
140
542
177
66
796
648
926
258
126
113
41
657
253
556
256
588
601
49
877
599
574
170
13
572
615
496
638
946
16
126
972
208
780
858
189
431
254
412
735
666
9
704
237
644
356
432
827
164
337
758
722
42
152
378
347
338
351
851
866
875
252
451
246
571
352
28
46
31
761
38
549
997
429
281
395
852
794
846
183
516
476
800
610
849
783
205
249
762
794
941
737
579
355
77
321
564
592
93
610
840
434
534
254
944
861
351
469
105
726
104
812
634
150
192
166
850
358
142
221
438
193
472
506
985
441
711
939
195
171
656
711
28
867
323
690
497
795
911
768
88
332
439
624
300
82
868
735
24
761
633
626
727
600
977
850
861
995
889
675
624
916
908
707
451
484
342
594
230
948
198
19
520
302
889
724
995
663
670
168
695
217
573
286
823
30
430
890
470
208
354
851
133
713
874
121
964
129
293
825
844
785
604
603
297
927
853
764
6
3
869
82
740
699
207
722
414
414
848
237
195
710
813
702
381
166
250
904
448
368
782
546
413
451
748
19
532
402
245
160
463
739
925
912
25
876
607
453
320
85
927
426
536
243
555
736
932
859
860
753
880
335
867
248
873
380
901
375
78
229
880
202
930
414
122
466
754
621
625
884
954
771
673
964
102
711
318
639
212
455
503
721
541
155
122
535
497
295
840
111
161
519
154
233
907
347
543
593
311
184
5
736
908
662
133
746
804
800
775
179
444
813
364
805
811
864
188
565
494
623
810
747
420
414
578
464
591
365
537
75
358
630
502
598
624
778
539
91
250
711
692
224
156
653
739
504
90
386
664
583
726
301
977
2
968
154
595
123
7
209
530
429
840
741
452
253
838
300
469
916
947
402
647
648
981
294
854
218
472
290
144
705
484
265
673
70
670
233
218
963
910
984
849
560
979
902
109
516
568
656
346
887
923
26
72
482
82
828
958
950
695
741
303
677
903
31
546
935
423
973
982
52
492
639
861
46
60
752
145
611
513
208
113
252
110
1000
455
880
321
531
718
170
155
503
69
906
581
733
335
399
617
414
673
912
889
136
742
255
369
532
658
358
529
308
637
10
269
336
93
953
895
950
179
241
631
572
807
129
585
192
349
673
677
982
380
311
911
281
236
849
494
867
508
925
9
41
796
582
408
42
441
306
751
15
723
144
797
667
465
394
767
120
390
218
695
245
800
305
859
708
824
114
627
233
66
916
851
836
70
207
344
295
598
970
235
450
239
995
796
845
783
294
969
987
204
685
440
249
430
742
69
902
370
532
886
559
195
467
722
532
392
742
399
287
783
238
986
681
572
43
156
525
904
124
326
86
348
102
624
984
648
723
297
480
6
482
917
726
541
923
966
42
744
824
119
616
110
672
528
839
202
394
683
927
373
882
157
557
952
37
414
525
156
160
935
650
117
653
463
782
262
474
232
148
227
943
147
508
521
527
409
158
671
976
819
876
144
867
640
672
809
823
259
654
863
575
633
302
386
499
216
353
677
924
948
419
996
880
502
603
21
865
155
756
989
697
64
606
988
317
242
189
460
214
306
411
378
892
968
293
141
992
791
176
148
8
144
69
757
664
86
342
340
501
82
543
327
110
128
404
341
299
869
952
477
546
196
551
164
961
161
504
599
823
386
757
723
976
658
685
735
248
991
946
554
926
847
59
543
392
672
975
216
277
977
277
484
776
290
852
946
596
665
270
46
870
242
664
872
159
617
786
641
335
506
258
382
652
16
111
302
294
698
46
468
452
517
410
721
718
129
623
103
826
870
940
117
334
74
450
648
28
754
304
413
772
916
410
46
648
97
432
390
933
729
672
138
871
58
269
689
929
388
532
411
571
513
581
987
963
295
21
303
865
648
794
602
712
886
503
450
656
727
176
999
135
674
932
425
406
222
950
588
156
124
783
305
721
119
132
992
170
706
617
628
20
891
83
884
134
717
22
103
816
592
257
17
869
239
970
523
387
803
895
60
3
737
469
220
686
997
926
658
759
530
341
42
618
673
169
611
823
293
209
737
989
698
57
801
806
407
808
919
455
656
283
29
958
756
616
893
81
896
854
594
738
370
47
290
355
881
208
333
554
314
756
950
953
982
707
606
584
570
480
257
423
514
750
267
89
627
447
505
773
899
277
63
926
845
581
876
395
268
697
362
764
332
374
153
857
364
291
945
385
886
394
346
103
813
139
287
64
985
41
214
483
399
447
7
661
344
200
843
915
503
516
588
410
822
679
875
932
820
904
326
171
212
697
574
53
228
868
356
695
525
301
444
604
469
460
579
427
236
892
987
392
873
150
437
299
877
341
438
366
10
151
382
848
535
804
178
713
682
254
726
163
254
343
954
382
863
580
530
993
393
717
83
73
397
364
777
864
209
411
534
91
864
180
85
123
626
595
890
472
654
526
768
89
241
470
474
307
8
802
291
670
138
65
412
199
255
796
411
875
90
99
257
43
73
345
731
561
664
184
354
140
781
531
411
185
920
691
814
398
160
897
638
251
740
123
750
581
911
570
385
717
440
809
908
746
622
152
188
455
731
802
28
270
470
327
972
59
8
90
786
147
358
333
792
838
672
543
992
153
685
900
451
893
233
841
55
745
635
224
972
712
79
720
414
945
163
430
42
820
337
34
418
279
961
488
49
524
899
988
175
477
650
152
496
271
579
910
802
346
732
366
543
562
962
132
681
609
513
345
4
524
520
376
471
894
311
739
439
387
722
601
340
747
736
477
931
397
4
479
669
827
245
286
581
59
895
637
465
508
443
130
781
193
811
918
256
933
392
343
366
373
520
702
289
867
825
362
652
379
455
634
608
95
442
794
797
259
812
957
887
187
117
266
953
93
660
69
904
960
956
867
120
553
754
139
699
783
799
162
817
740
584
601
27
709
140
925
925
298
544
211
765
637
546
902
793
657
67
485
239
514
727
969
66
852
114
651
402
152
772
851
274
67
839
618
529
245
267
865
254
938
872
220
47
908
858
561
398
480
611
665
396
575
636
429
184
786
526
967
331
416
5
148
458
87
61
289
131
494
14
329
658
506
834
346
258
383
391
236
984
708
305
189
396
786
228
674
398
649
64
400
892
871
401
356
769
774
536
73
252
662
474
882
719
952
983
189
181
361
591
925
3
925
176
32
458
932
174
342
466
832
163
951
307
624
233
74
934
275
118
286
21
531
249
982
213
248
277
784
411
512
507
67
757
549
936
709
55
737
31
268
720
140
977
730
743
539
790
909
977
625
682
324
455
798
784
589
803
880
811
993
574
499
34
801
885
561
202
540
535
156
349
43
640
976
502
776
125
447
552
476
292
581
575
933
793
95
767
662
922
265
452
996
225
479
286
651
914
828
998
714
225
230
787
551
859
355
450
744
457
462
89
7
679
184
443
806
740
659
947
145
696
774
101
147
361
472
852
741
292
719
553
562
956
364
107
313
498
844
522
477
215
170
947
791
445
173
477
913
393
364
166
574
346
60
21
610
998
166
669
849
466
179
456
362
444
465
370
121
157
911
225
657
885
334
460
852
885
553
812
708
424
72
117
404
22
287
676
555
359
13
707
820
50
368
6
894
839
39
777
936
138
46
350
25
346
560
983
801
648
820
385
549
656
789
294
116
205
997
620
736
871
659
20
768
727
562
844
710
978
615
811
691
978
87
992
191
545
815
919
465
640
290
32
923
341
547
576
509
292
256
449
879
970
51
572
226
212
591
535
683
777
723
561
673
337
976
871
829
949
261
642
70
460
126
50
885
581
228
718
935
424
431
619
672
295
286
35
380
701
129
75
90
625
618
338
667
368
981
512
353
690
628
997
976
764
879
988
840
950
351
535
376
632
999
564
42
778
144
209
354
329
584
375
964
967
422
381
626
199
811
744
258
245
826
258
123
714
826
966
595
637
966
567
65
52
851
883
947
924
380
872
577
188
993
893
22
424
834
652
420
751
69
356
958
940
444
80
370
49
398
463
614
357
794
994
897
127
456
27
977
689
135
264
956
630
582
126
679
550
529
706
228
849
502
609
561
943
121
721
927
452
777
240
302
931
466
232
82
450
453
881
968
364
984
84
84
949
707
672
479
141
730
12
833
892
145
109
29
232
864
300
875
658
554
909
502
967
432
317
97
798
846
619
88
269
215
315
286
444
954
382
62
911
542
283
525
966
701
947
243
561
527
855
372
940
15
589
538
198
55
148
13
601
555
597
225
825
292
68
265
895
343
147
633
641
903
371
733
487
945
895
167
850
836
472
873
839
293
51
62
192
897
581
876
445
799
318
25
102
313
151
406
808
416
557
687
860
843
400
47
216
527
818
741
221
610
813
84
766
233
64
87
288
218
148
578
180
2
2
500
284
521
936
295
118
769
599
492
383
277
263
741
899
911
466
751
614
620
608
347
548
133
767
654
547
805
116
131
785
860
147
655
519
6
697
765
505
911
153
223
10
811
935
86
649
106
636
292
885
348
734
999
96
449
278
719
94
58
733
238
245
705
234
603
92
902
509
626
673
281
356
137
543
234
529
968
9
459
737
890
891
629
665
759
641
484
168
559
653
154
822
475
53
93
253
164
434
9
101
819
393
109
955
11
490
175
921
42
827
766
277
846
643
723
392
239
915
436
693
65
862
894
965
784
190
178
293
306
13
884
785
379
637
809
66
872
950
131
611
147
909
664
87
74
902
199
220
680
536
416
81
486
377
254
687
154
924
621
791
66
160
922
758
279
917
32
545
751
489
398
54
320
915
583
473
318
909
913
550
847
281
247
785
602
240
419
155
168
676
899
574
946
530
245
284
923
540
503
410
641
707
239
935
235
261
556
270
159
260
850
127
776
26
619
272
27
408
706
932
60
72
238
123
74
180
874
851
856
551
432
892
86
616
361
703
672
997
204
486
67
159
854
20
182
567
354
912
816
512
370
460
840
102
204
379
265
41
445
652
922
331
641
706
986
509
291
187
789
437
57
919
104
664
224
516
153
246
178
75
800
395
147
870
122
922
543
26
73
125
655
594
287
117
485
909
86
79
83
453
547
169
65
229
90
290
251
884
235
475
293
738
675
309
333
122
814
446
852
438
350
75
169
654
947
944
584
380
515
774
46
670
379
2
722
440
888
568
894
522
644
101
428
30
711
674
841
875
630
355
610
941
529
264
465
815
517
451
186
198
475
70
122
30
111
685
584
511
937
698
15
700
463
792
442
281
780
104
762
373
714
897
366
635
582
675
709
413
723
863
497
43
688
617
169
587
764
329
74
530
2
643
349
260
88
627
643
327
54
737
999
580
591
839
445
677
223
305
1
261
557
763
75
170
129
533
784
29
889
21
550
192
537
393
87
411
261
193
354
157
554
203
264
3
816
114
164
576
528
770
637
295
764
217
881
154
672
271
77
740
85
466
589
421
145
238
491
956
111
518
226
951
183
658
113
573
813
605
857
160
738
718
534
315
796
578
499
516
500
223
399
281
797
351
158
272
119
528
341
596
647
960
781
804
79
429
387
745
938
502
884
349
797
606
349
320
988
718
9
638
113
859
641
103
299
766
311
770
925
930
547
261
872
741
224
741
418
302
92
790
875
109
290
742
326
396
533
526
770
945
79
883
764
755
684
100
34
270
565
899
101
239
301
95
539
494
747
817
62
960
57
790
290
475
357
287
854
661
329
524
875
658
950
618
43
276
65
679
647
929
242
355
327
541
760
819
604
513
999
416
359
190
691
761
390
26
487
54
462
725
636
185
303
359
396
946
423
796
448
349
947
181
704
788
842
589
689
528
84
850
914
179
892
524
211
864
293
930
930
382
37
612
597
125
934
60
601
430
804
764
874
951
154
380
989
331
520
121
787
838
211
707
441
288
565
587
511
683
477
858
320
464
310
618
767
811
734
894
4
360
930
507
252
158
193
189
343
298
929
391
639
919
312
574
356
126
983
377
44
156
362
925
294
665
281
116
857
258
168
517
259
670
151
467
177
851
851
991
849
43
540
662
721
613
876
770
980
207
990
301
997
571
389
493
186
188
866
649
1000
251
994
786
540
380
899
400
45
39
382
976
202
662
713
15
443
298
626
340
827
313
714
69
17
771
674
124
771
100
449
686
792
267
54
795
252
225
393
15
200
376
599
749
163
386
48
743
615
993
802
860
682
189
440
434
677
703
507
835
178
275
632
403
679
916
447
733
288
751
412
24
235
60
389
457
208
540
364
152
505
167
691
740
220
724
940
224
820
824
748
811
936
82
918
926
722
142
330
648
96
640
616
300
46
244
54
234
678
312
34
757
153
924
353
743
973
545
346
809
340
900
785
208
78
431
744
171
755
389
51
446
9
228
438
801
747
166
684
195
862
69
971
258
877
83
234
503
953
519
717
645
513
107
346
728
640
853
919
453
391
226
922
645
368
885
631
806
746
464
329
523
443
874
8
936
190
903
465
892
116
574
491
564
995
903
539
100
427
172
867
933
765
439
839
503
707
34
407
535
277
210
483
252
657
732
127
519
829
424
121
745
569
924
744
730
45
803
584
670
371
392
150
978
80
274
176
499
138
736
274
218
428
252
390
646
525
805
786
920
290
559
318
564
822
925
158
141
577
733
545
684
104
524
640
168
658
191
72
798
303
182
905
150
735
946
621
554
328
420
470
25
263
341
528
278
87
476
560
532
316
309
508
800
941
178
947
192
499
491
902
813
719
577
408
454
449
724
166
802
778
679
430
370
910
624
358
398
771
675
520
612
316
289
807
416
780
431
805
97
373
275
840
610
953
648
109
629
582
132
724
481
455
436
61
174
526
937
404
569
188
592
818
427
218
954
442
172
582
649
331
694
433
544
624
469
584
103
451
256
151
313
309
901
307
704
153
80
647
737
295
803
660
479
592
593
645
513
819
19
974
506
92
327
730
795
670
419
51
875
437
91
974
248
925
753
644
738
921
514
961
577
265
906
962
723
926
272
476
952
539
543
403
183
134
241
676
556
365
385
556
326
152
973
521
763
115
654
590
604
860
122
737
995
159
484
410
925
44
170
313
802
266
22
174
67
771
968
389
828
650
733
422
645
329
18
103
759
521
833
564
618
605
125
934
773
807
137
725
190
411
287
768
954
564
269
986
526
535
438
323
502
162
22
586
274
604
657
208
960
451
89
937
969
752
739
375
966
409
109
383
435
198
836
615
139
457
808
446
351
824
803
187
459
762
352
87
406
530
770
538
937
921
633
360
440
478
134
270
24
120
280
764
78
637
375
334
579
972
844
969
199
40
267
138
836
311
204
824
606
724
330
28
848
665
27
490
579
593
281
129
181
940
347
244
457
451
229
68
505
752
518
340
926
72
44
54
297
439
272
455
946
806
751
405
859
562
687
897
895
634
546
806
849
860
262
890
147
156
449
353
176
263
168
232
608
22
576
236
419
639
76
7
193
348
835
393
558
99
138
934
662
72
892
821
733
203
560
209
53
307
418
384
879
950
482
477
464
800
364
736
939
834
919
809
442
334
120
446
245
123
764
522
234
483
840
794
524
399
8
676
20
102
883
606
533
520
759
725
876
257
980
675
35
751
818
880
71
687
445
185
651
314
213
634
43
847
612
506
834
749
992
68
53
812
788
769
283
597
112
683
712
886
483
890
721
223
646
270
674
952
594
299
371
959
558
481
811
838
35
378
757
561
316
741
472
597
627
471
450
750
744
97
486
917
592
618
520
388
53
296
610
972
265
412
550
772
464
351
823
820
310
884
51
741
453
771
709
738
841
836
41
838
67
952
392
700
372
375
532
991
276
849
43
502
837
529
905
287
233
950
653
749
101
3
769
242
170
106
801
976
238
686
236
253
541
223
393
496
8
737
611
337
394
571
673
608
478
834
412
389
939
894
551
585
920
378
593
557
946
918
648
302
591
297
794
73
142
625
524
316
754
614
642
708
858
341
912
629
659
872
886
362
985
72
312
550
269
234
215
952
788
160
494
142
521
382
310
486
986
69
186
873
989
486
743
759
644
540
383
620
822
807
661
196
470
174
494
197
551
321
338
477
38
434
13
324
574
506
22
968
430
138
88
678
673
195
679
419
942
804
805
639
570
479
936
774
742
249
315
349
840
758
454
204
10
568
553
774
641
726
558
207
918
985
298
70
733
941
519
11
712
316
327
456
772
715
634
164
579
205
933
584
586
674
812
44
893
96
920
933
260
436
563
492
669
701
910
508
294
542
851
971
168
52
177
891
640
182
652
247
604
433
635
190
571
595
303
745
157
283
813
1000
223
486
844
101
447
588
906
718
966
769
74
534
853
545
68
12
577
558
515
373
608
51
509
351
151
616
986
219
521
781
137
963
825
930
550
469
95
494
163
484
895
20
157
756
570
566
873
846
696
307
105
816
75
293
808
352
251
521
541
694
430
144
923
4
805
509
96
649
651
348
520
266
969
101
123
689
347
16
234
643
739
67
344
886
519
324
519
183
672
52
287
817
555
367
200
694
302
410
211
282
836
827
440
124
958
970
273
674
272
547
142
696
946
651
195
326
343
811
840
889
351
975
770
451
865
54
81
714
946
505
92
77
206
973
618
1
774
72
759
433
915
577
341
592
983
75
490
159
762
936
74
1
888
362
762
572
345
559
192
993
200
230
325
91
131
409
605
705
408
397
724
129
191
590
115
938
310
863
94
900
101
602
699
995
188
541
314
97
396
645
409
336
270
303
813
955
394
175
871
590
364
326
356
443
588
249
646
422
618
458
722
485
965
126
958
162
90
661
915
654
954
441
263
895
812
971
951
394
993
378
87
273
1000
524
283
435
299
682
542
267
831
162
806
171
217
220
697
493
116
733
148
918
789
134
584
984
6
137
168
332
393
229
70
177
28
888
37
219
407
596
453
146
697
269
251
190
773
714
350
740
84
451
301
416
91
804
356
753
765
256
806
407
164
160
417
620
471
563
438
122
174
659
798
539
179
984
107
882
4
659
490
93
364
792
392
456
809
172
429
704
208
827
924
819
92
764
374
520
954
622
519
488
557
911
419
919
181
941
345
722
869
144
149
410
637
208
687
225
286
945
511
907
751
496
477
78
973
381
274
733
895
297
825
937
138
884
563
712
559
324
912
392
124
494
347
242
949
985
373
854
979
814
114
238
358
713
506
995
314
728
806
944
384
792
323
793
557
338
586
962
380
74
602
143
328
852
240
502
784
826
171
771
908
745
608
615
501
3
767
428
425
250
74
417
734
506
321
78
555
776
456
748
559
921
83
935
254
983
514
318
593
740
189
387
610
57
55
770
850
507
78
848
623
547
362
52
533
796
24
211
846
875
147
216
494
362
177
29
252
439
705
145
124
797
605
8
353
432
941
298
189
749
119
296
404
297
930
833
504
322
273
285
989
649
770
903
492
175
345
295
742
606
287
554
836
549
966
777
195
631
649
275
683
347
880
994
72
992
304
169
80
209
594
942
49
165
362
270
641
78
656
606
419
483
331
592
985
489
144
285
825
858
283
445
434
209
922
130
535
601
327
761
550
660
328
560
185
697
207
296
667
216
995
823
937
234
603
879
237
143
699
842
362
51
374
81
369
657
319
646
701
917
547
410
263
147
999
183
969
892
538
919
544
978
667
669
373
902
303
336
651
380
227
867
614
161
725
616
670
693
805
844
892
89
979
33
811
349
315
520
608
503
409
35
600
588
794
563
518
493
521
660
293
949
542
435
490
623
501
341
546
63
536
648
532
299
494
586
650
449
101
409
99
786
397
191
572
968
221
302
6
965
177
586
130
623
284
677
552
375
622
800
527
551
907
507
37
343
277
338
37
414
773
519
964
714
227
582
524
727
423
308
45
651
690
969
384
633
78
967
985
789
610
751
598
216
142
640
671
957
40
181
971
827
56
15
992
741
671
793
191
706
25
956
368
7
520
56
842
719
921
953
104
195
58
544
596
111
132
260
827
382
390
298
36
458
174
296
280
585
73
608
981
328
754
85
566
890
514
413
800
264
282
836
819
241
60
272
703
564
483
80
267
562
170
541
652
602
970
338
624
739
729
388
461
803
414
474
343
181
655
469
437
549
618
36
383
765
800
900
448
638
780
652
747
861
199
40
901
456
562
46
408
392
648
566
560
782
113
179
274
721
863
543
541
15
806
394
346
997
5
553
649
158
128
799
986
784
296
383
563
686
422
198
781
626
796
274
447
40
817
27
404
531
111
438
322
935
863
880
365
637
233
539
952
810
986
812
679
622
316
102
972
95
467
430
802
615
695
985
720
80
73
948
816
404
281
534
572
670
812
101
573
783
517
587
549
364
228
688
948
713
194
759
773
981
591
337
214
852
919
68
450
543
134
263
133
79
765
843
529
376
40
804
388
55
83
72
46
828
685
924
375
587
454
521
27
361
896
556
959
81
411
432
432
616
472
259
459
312
565
817
909
649
946
152
530
184
112
22
715
732
164
568
828
830
339
969
899
136
181
197
419
631
874
248
149
30
160
263
643
2
544
377
32
867
938
550
153
608
824
857
340
544
916
225
945
760
251
207
140
708
827
678
944
846
934
548
63
182
249
189
162
991
820
492
132
97
855
821
116
54
589
6
326
650
925
107
357
579
317
325
448
460
299
245
543
266
853
148
954
8
811
606
355
621
557
591
566
457
250
623
816
965
937
802
632
449
690
49
576
290
317
731
688
728
514
499
845
791
927
883
918
603
591
508
783
642
691
886
254
128
357
593
886
798
905
379
803
64
90
35
330
464
122
915
844
39
785
289
751
224
595
177
79
199
671
856
483
225
448
635
554
739
270
627
681
130
806
237
971
354
132
689
174
496
510
792
621
892
654
689
573
210
850
18
470
381
335
619
315
588
176
507
179
402
419
943
941
773
206
763
857
279
790
477
288
335
736
426
887
384
459
497
152
396
535
441
960
318
740
228
368
704
528
805
508
778
110
4
196
649
440
189
412
40
781
787
44
846
538
240
413
148
789
927
363
148
250
600
714
193
478
359
461
234
471
841
75
455
772
353
185
866
522
679
288
248
295
767
661
25
206
92
602
510
45
940
1
598
588
729
232
255
848
464
273
650
668
862
17
183
842
570
561
522
258
819
146
133
509
205
214
182
168
21
916
4
666
262
312
767
380
730
521
279
495
600
814
343
267
131
672
192
575
50
306
58
340
70
70
474
13
99
278
544
171
174
590
653
546
740
218
299
716
157
586
65
410
369
567
910
549
728
68
735
648
793
732
998
987
367
118
316
762
245
950
981
897
457
899
871
897
863
361
547
537
178
196
245
535
790
880
935
258
861
37
394
789
898
597
628
378
180
742
778
555
848
555
789
261
719
523
684
475
650
514
700
609
76
855
415
248
162
792
508
270
303
875
404
882
266
449
248
61
282
958
332
831
219
550
642
207
887
342
809
40
648
48
881
34
93
665
673
979
59
615
546
288
19
591
104
434
94
945
788
793
981
103
25
435
293
777
472
720
893
792
146
234
704
378
27
816
93
791
485
668
659
557
983
354
876
86
298
157
583
594
483
27
307
996
163
295
161
68
381
252
409
861
553
810
184
673
197
432
488
700
526
848
642
516
967
469
964
57
444
887
606
577
776
674
369
716
109
829
839
214
478
795
799
223
919
265
27
525
65
430
524
77
427
442
944
178
590
689
339
357
460
867
454
222
793
785
523
654
88
218
723
374
188
623
398
885
31
409
386
557
869
307
442
819
185
966
74
712
460
381
761
464
90
299
108
345
457
340
286
382
961
707
407
877
178
950
677
510
724
166
197
575
997
820
288
76
548
836
18
652
714
475
109
960
516
619
66
18
136
474
794
26
900
928
902
553
781
645
333
105
443
141
857
669
201
987
789
452
597
601
977
981
685
804
302
104
901
321
634
458
390
583
866
957
628
155
329
678
910
749
28
919
152
670
558
979
34
746
155
132
86
195
317
506
312
743
991
712
729
892
839
420
90
394
484
55
413
650
908
558
456
57
621