1630
1812
254
1827
1265
196
557
1094
1916
1930
316
1942
1915
971
1601
284
844
1832
1585
1919
1312
72
1699
1868
1358
1516
1487
785
1311
343
1413
64
554
93
195
1647
1390
635
1901
69
878
764
1532
1591
374
980
892
1293
1419
1510
553
1360
1311
326
238
997
1920
681
1171
448
1503
511
1012
1399
1782
1919
1095
278
299
516
1682
509
1629
488
1859
700
394
503
1233
947
704
1662
1171
1100
1835
572
1515
1508
761
1136
152
108
1062
1559
1869
260
1138
939
24
675
325
1589
623
1058
332
1204
526
1309
1379
1497
902
168
458
1827
305
1652
1077
1993
157
886
214
1924
10
1550
1635
1738
169
800
520
1601
863
1822
364
528
292
273
1739
1160
1100
290
1707
1245
702
1027
804
152
480
247
368
480
835
100
1806
1890
982
979
676
1801
739
223
1561
780
484
808
193
264
1885
1913
1151
120
470
707
1643
31
87
338
1299
1464
1296
902
1095
593
1490
378
1374
368
737
1252
1561
163
1859
1552
974
872
894
613
1018
1022
1636
1590
1289
758
1624
1066
702
1879
1752
1101
1245
1175
416
603
942
461
1689
390
452
342
456
872
623
1847
861
370
1810
1960
878
223
517
818
1190
525
1206
1423
444
235
594
638
849
1016
172
525
1603
59
1858
1461
978
1158
475
918
1927
1094
1043
464
978
1249
1359
792
735
1976
76
1771
1827
1593
198
524
671
1360
274
1443
214
1308
989
1559
1431
1808
1782
669
1398
396
62
1489
1001
960
1810
1220
1236
1719
1611
1154
366
480
1774
58
980
336
1958
1426
1001
943
120
1364
85
143
1044
194
1637
1636
1445
300
1320
1038
1946
1298
1601
908
865
1651
167
267
347
782
1663
1607
121
799
1054
834
1314
1256
584
864
31
1969
335
213
745
397
980
679
1904
1841
106
1476
539
846
1096
1886
836
1967
603
1403
1333
1079
1397
1334
357
257
1999
343
66
1123
1764
1339
381
738
922
1964
313
1712
1290
753
382
857
965
242
1180
453
770
1166
504
581
1235
531
1649
1966
1461
688
1169
216
1813
1760
1636
522
1189
46
851
626
323
358
846
189
1198
942
1392
1400
1278
68
138
640
1062
1309
816
1640
1437
1938
1063
651
212
1222
1558
847
182
533
308
563
881
1055
915
1751
1037
1888
1276
1916
482
1353
579
1344
1391
136
510
449
1336
1689
689
1562
1351
14
1205
774
1832
3
925
849
922
1541
645
1570
943
72
352
1444
947
306
683
1215
384
1477
486
1835
539
1532
378
575
183
1153
1367
1094
852
1289
1296
1359
1272
1891
418
1419
473
239
1215
901
918
1324
1541
701
1325
833
1684
1666
513
1227
1165
1082
1740
530
637
239
1880
1292
959
1279
1090
1295
1088
1443
1045
1988
438
212
220
128
810
897
732
1528
1256
1544
1866
1946
385
278
1393
188
1051
1061
1723
970
787
1343
1483
1041
696
300
1173
525
89
1510
486
885
1376
719
1473
790
1367
1409
885
40
662
849
541
395
1644
860
1776
783
1539
794
1618
1511
755
433
1581
1899
656
1343
878
1668
1538
335
1724
1980
1029
1769
1177
310
400
814
1498
1652
1580
638
1069
180
224
273
1358
991
380
991
296
110
1702
1122
1860
1394
1166
1631
1759
1978
2
1731
1226
1980
1056
960
1603
456
997
1802
1150
1691
1478
1172
494
1333
167
1252
1322
1460
1782
1965
1539
1163
1857
1161
34
242
1726
969
1690
419
1105
1260
64
1230
725
100
980
386
247
411
294
379
86
1271
564
1078
1391
999
1072
891
248
981
1706
1748
541
417
1130
1281
835
412
1896
165
212
285
333
1242
1148
105
1863
1458
1476
127
1721
1869
1969
1718
1572
1027
356
798
268
62
1879
603
592
666
935
1297
51
1685
1119
1709
696
893
109
355
1326
662
1797
237
1977
1080
1414
1999
576
830
930
1528
1637
201
357
720
114
1044
672
352
418
1811
1351
937
1825
209
1492
1473
1124
369
1195
600
269
426
1790
143
485
108
884
27
1795
394
187
615
913
204
1991
665
595
125
597
93
1011
1523
1263
180
162
1555
1811
1068
219
1652
677
588
1493
21
97
1336
1207
1053
1460
1415
1563
576
1386
1114
794
124
1561
676
1216
1483
210
256
1100
971
1781
1598
1469
103
146
178
1597
1887
1368
265
1446
221
235
1282
658
1308
1499
1167
1481
470
1470
1942
1734
173
733
739
1371
1196
1579
736
413
174
1544
412
777
1104
458
1284
969
304
1564
202
589
475
1062
183
811
210
225
1569
584
1208
1929
865
1390
1517
866
1311
220
1868
375
533
1596
976
1538
793
546
75
1347
860
904
1220
119
632
1546
1393
251
261
185
16
847
1312
1446
1063
218
1264
253
269
198
285
337
393
635
633
436
503
1786
1407
1112
369
425
155
1828
1414
1116
627
333
1245
1976
341
516
794
148
1369
805
1966
805
1242
309
763
323
1517
1743
702
1372
589
1062
1665
1195
671
599
906
846
720
1117
1486
849
859
250
49
581
636
1308
1914
1872
916
481
1528
1519
1482
1488
212
1364
927
425
198
1648
351
328
1332
1789
1034
1406
308
1907
1082
1360
74
1619
1498
241
1051
652
1093
798
831
362
511
42
1848
1308
1866
328
1843
1590
1155
881
516
1504
458
129
1535
1343
1431
1285
839
782
1633
635
1630
1579
1705
1012
1272
1902
888
121
1734
1263
711
1995
449
1305
1210
775
285
51
843
369
1452
741
1684
1469
1143
354
1915
531
1850
448
748
176
1281
362
91
1447
695
1322
768
1255
44
1822
1602
1492
1627
767
1235
1151
1061
551
498
904
456
1609
1973
60
1072
175
1605
1979
134
1879
37
1368
1568
1069
1771
1799
1252
276
436
365
84
214
1233
1880
709
822
1969
1892
1354
1977
1534
674
1325
489
592
1361
1056
824
1206
1502
1168
1104
1168
1024
166
1440
1993
710
1943
693
1774
910
827
436
252
618
1453
1566
1388
20
1687
1845
1542
86
757
1409
1460
449
539
1347
955
1248
473
355
1660
1534
1869
216
365
199
980
387
1792
199
89
1115
1545
624
358
678
421
1021
1813
1258
204
782
110
1003
864
1996
1624
972
1789
276
781
1855
1835
1428
1237
687
1873
250
1462
1293
1667
797
1500
1671
645
1105
1959
1099
661
1239
722
1514
828
985
1390
1946
656
1676
1479
1909
64
714
1326
564
461
1423
1250
1182
1321
96
698
903
482
1431
1713
564
1463
276
1674
278
1177
733
1614
1008
980
1755
707
899
1928
85
1946
379
1335
1173
1351
723
1241
1623
39
168
1950
1303
463
807
245
537
516
664
305
697
244
1769
189
1861
799
95
685
1472
1590
1090
1373
1788
110
608
93
391
1441
1444
1756
1165
142
1846
1601
572
1088
1970
1432
1678
867
942
1122
539
1499
1008
1294
616
278
952
725
1577
1561
1338
268
44
1120
602
1879
1962
574
1602
1793
1196
1769
1888
1099
1457
1154
52
894
1293
1043
745
1875
1660
1699
746
1187
1746
1868
1337
414
1308
145
814
1334
1868
1622
970
1514
835
1944
1976
1729
778
910
494
1569
1766
1828
1117
1198
298
1800
901
412
1800
1526
1765
570
1347
1329
246
815
551
1434
567
1793
1654
781
996
1390
1669
1220
1150
653
913
1428
1769
1442
38
1350
878
876
235
1630
650
493
686
752
1094
1124
792
797
1031
1316
1902
1445
801
1664
269
121
169
328
649
604
24
1080
191
294
1263
1719
1949
1142
1994
1108
1031
662
861
984
143
1776
130
873
1654
790
1227
1638
1773
1863
382
518
1796
1187
1008
1226
1639
1064
405
908
856
1933
1241
1391
1441
694
1034
1114
313
1125
1390
853
1673
1463
721
909
773
1552
1469
861
1388
1891
1569
1412
219
780
1182
919
101
458
1669
32
1728
157
1339
1001
436
1144
245
1343
1200
112
113
306
40
871
1665
1235
1041
1728
196
1817
217
1034
287
1119
10
1534
1698
1834
1974
1011
543
202
1016
1172
1526
166
1324
1034
343
1878
1181
882
1884
1312
904
1680
1066
1108
1361
735
479
1158
1734
814
226
888
601
803
1667
808
781
721
281
521
174
859
515
596
850
239
991
1413
488
1571
149
788
7
442
3
379
285
537
350
278
1198
1803
1879
443
966
753
1048
530
137
873
348
53
1910
862
1924
1525
15
1361
1412
1291
1105
437
1545
457
742
1782
1713
805
637
1218
1821
1819
1184
666
1707
885
1809
67
1065
1433
359
674
376
644
808
1098
98
1106
550
484
487
309
1913
1872
1638
1457
352
721
378
3
633
1400
1251
1087
879
575
1004
1524
1525
1153
1496
1292
247
1009
695
185
296
397
1345
864
1389
514
20
1065
559
1893
1813
786
50
1343
1675
1943
114
901
1165
1374
1439
1301
1454
748
1164
233
116
1960
570
1190
1925
372
387
684
1866
782
547
304
795
750
263
871
184
1230
22
1147
1580
471
897
1139
123
993
1285
443
1675
1943
1693
1012
558
1494
474
1915
1241
1201
346
181
511
1718
1823
1400
1451
460
1153
1622
808
1977
180
642
1023
122
1452
1114
1059
1660
1718
1579
636
905
1505
220
220
540
1050
1946
1421
624
583
1701
1824
1279
511
178
1677
1170
1897
123
1170
571
1656
382
886
787
1654
1354
416
637
268
1343
1142
340
296
953
1817
1105
66
108
1611
903
766
1580
729
1065
1424
1743
658
1301
1950
152
1175
828
619
528
1518
1991
374
1563
392
1985
1605
849
1458
997
1618
714
147
1182
1821
388
865
1499
79
1893
1528
1118
368
996
1036
1989
1710
1925
1358
808
1870
959
464
793
1411
1118
1514
1991
1925
1071
1928
232
103
609
1161
1062
1803
1082
864
1086
1425
34
1602
286
957
514
739
1324
340
558
397
391
654
1761
943
808
359
1938
815
1689
1231
754
1755
1570
930
1628
1797
859
669
1194
1804
1405
755
1470
1909
1086
1081
623
143
364
186
927
19
1831
1286
3
61
417
910
255
18
1455
709
1561
874
874
99
100
183
1189
483
1683
1715
1928
978
441
453
1074
1525
696
923
1279
1835
324
1432
1156
867
1769
787
358
1267
1249
656
1606
1999
1962
255
465
48
1215
222
815
1769
1097
739
417
882
1913
249
942
1714
87
1384
1958
567
268
1371
1819
1222
1800
387
1509
693
838
312
1639
1250
1478
1611
135
1902
996
1511
1485
1663
314
915
1237
1865
1671
1791
1166
1166
1710
70
1771
816
73
1493
310
288
1212
509
649
804
813
773
1220
334
377
190
647
1540
469
1481
1386
1649
1656
587
619
1047
651
1664
1621
1114
526
1362
468
913
770
1078
1984
1511
1961
470
1058
103
1514
1204
1715
1977
1859
820
1
1082
416
439
652
192
1496
1498
1087
677
1665
1106
1916
1786
714
1093
694
1246
1594
1492
252
1645
51
829
1463
1563
735
1490
1785
486
260
451
701
575
1855
103
1186
326
1677
336
1005
1999
711
95
428
796
668
460
1873
1367
1925
876
1881
12
1221
1603
466
1865
1527
1653
1147
1586
659
447
625
1170
1660
581
806
1725
1230
1983
408
1655
1352
498
952
799
1199
1602
211
1643
1683
710
861
1145
1402
1485
1516
779
859
1913
1146
1700
553
1245
1177
1927
172
1001
1044
181
1810
1769
878
1564
297
1240
522
892
1688
393
608
967
676
1597
1975
319
474
1405
751
1948
1945
1288
1721
804
1264
1971
1119
1868
1441
969
1279
1776
398
791
1985
805
1318
1803
1991
1307
217
73
1237
1135
1924
1493
1326
1047
520
1924
1081
61
1393
1040
119
1781
661
460
228
622
457
1304
133
551
564
1761
889
1512
1207
1567
228
1958
1698
102
933
652
1261
461
1160
1207
1200
897
71
1028
816
217
920
902
1103
1611
1402
1745
105
440
920
1918
1581
904
667
119
1482
1014
400
855
338
1504
737
1884
35
1659
1254
1078
1302
1454
189
1756
29
589
360
1853
137
1163
1275
1303
1730
112
1634
1058
1389
425
1087
1406
1913
890
171
115
1259
1593
1383
691
1894
1041
1908
148
415
1551
1829
1566
592
304
1696
1570
542
456
643
1660
1645
1142
1144
573
1399
1593
884
893
932
559
1351
1808
1818
1495
522
1380
264
248
382
292
1171
147
1645
1446
1852
986
1310
1781
1078
565
1952
73
653
1947
731
619
242
1832
271
665
1795
1000
1231
1167
1397
59
1056
65
1655
680
1694
493
1163
1876
96
108
42
1363
1198
229
1593
1236
141
139
273
1578
185
476
488
210
1717
1397
1468
1302
1033
653
1324
236
296
40
1929
1941
248
935
1314
581
1510
1117
856
535
1508
1797
1457
814
1877
511
1067
1910
536
501
1856
138
599
1184
407
1272
1597
1004
1302
1592
467
1202
225
1032
1676
1842
997
556
1306
1835
1020
1949
395
223
595
793
842
623
1388
184
805
591
613
212
1188
566
311
2
568
1102
1742
85
1810
262
1668
1601
1836
275
1010
810
348
1151
1213
429
1040
1979
980
1390
823
70
586
1603
694
167
1023
734
1479
1050
1610
1634
379
248
1642
1276
33
1792
1031
1090
1213
1521
1711
766
170
1468
664
1680
744
1657
354
260
1760
89
1374
1468
875
760
1960
798
881
314
653
629
1790
495
622
818
1417
288
1743
167
924
61
1507
1401
430
1360
1115
1702
1118
1804
840
717
978
512
1859
934
509
863
1406
805
364
1713
1169
748
444
438
1045
867
1483
141
1695
1360
274
1717
400
1215
1087
325
12
1543
1530
843
114
1172
349
1458
1069
507
1835
1517
1775
138
368
1475
1394
1554
1004
851
1223
1712
1342
1048
598
1408
764
1136
1776
1686
1798
1879
1631
3
7
175
522
46
849
683
1083
1853
597
677
1719
681
277
1016
1714
769
1392
1256
901
948
1900
167
560
895
1176
1756
939
875
1493
936
1722
934
997
975
459
172
135
1777
467
1724
1424
1746
1877
280
788
1962
1290
1793
965
29
1246
463
1055
1450
1215
1177
867
489
858
21
1218
1916
191
72
1773
494
18
1630
281
1760
191
706
1187
1171
1336
1297
867
280
1504
484
1301
1715
169
1945
63
1671
1672
100
1092
1887
643
1613
1203
1580
1599
100
567
1307
980
1946
1497
1136
598
513
1774
894
1632
197
1720
56
1799
1800
1049
241
356
1413
1663
70
1516
1915
686
1277
687
433
1573
1447
558
1165
843
185
49
983
557
680
575
342
799
1396
408
1333
887
867
351
387
1233
539
1120
1890
1429
1359
1919
1551
1216
1897
120
538
1974
1545
951
1362
834
761
427
766
60
945
667
1952
1111
1693
817
925
1653
1983
1048
1851
1479
1135
1938
1649
1920
1293
760
954
1824
30
314
944
1086
120
1317
1780
220
876
561
1971
1218
508
266
1091
1656
1675
1667
408
1089
1750
243
1713
1800
436
154
949
1671
939
828
1006
251
265
1741
1206
531
1730
117
916
1445
678
803
1054
1789
1557
139
558
759
1730
840
480
1196
959
1798
1870
1636
1418
1487
1800
131
672
9
1657
1015
733
454
1070
579
137
170
137
820
247
887
1798
708
241
1139
1751
698
84
285
154
1482
914
1337
1399
1143
1258
1756
1325
1751
936
283
137
1429
616
1343
1305
1063
1431
1010
976
996
1872
779
235
481
1370
1679
1941
431
1521
1169
806
1021
992
1303
1488
604
180
1652
780
1551
359
219
1811
1753
2000
1729
74
1090
1996
1023
1748
141
1976
1846
1129
863
676
1442
28
749
1846
1093
948
994
618
1902
1964
1028
1986
912
853
427
387
1666
1454
1060
1659
1024
1104
427
1176
286
105
1367
1218
440
813
1260
1111
256
339
2
837
977
320
1334
36
240
1905
1952
62
988
1726
486
1669
1628
1258
5
760
1809
1361
758
1264
487
1143
1964
1700
567
1365
717
1974
168
501
1623
169
1063
1602
1478
284
876
701
957
1175
292
1811
1281
326
1132
1864
1567
1372
933
521
1139
498
639
1822
1771
1590
1852
358
1036
1255
1827
1328
779
1481
1636
1201
170
1845
108
1055
238
761
1626
489
1769
1426
757
498
506
1535
100
1371
1241
1494
1955
768
521
1755
1613
923
182
1129
375
1064
711
630
1454
1032
1582
409
1357
105
1603
1358
1893
184
1817
1020
1230
633
155
1702
290
741
1245
1996
1035
1982
454
797
1394
130
1496
841
1623
760
639
1973
1437
827
198
1470
1275
148
242
1964
994
45
108
282
1787
932
1122
989
136
1796
578
539
1189
952
737
1312
1877
1241
566
411
879
55
1753
1221
408
1040
108
1725
886
1097
1134
1361
743
157
913
96
1477
77
1909
1485
1875
1027
482
520
1518
1987
714
1506
221
1195
862
1462
523
190
902
1281
265
906
1305
1654
617
805
1769
1402
484
1520
582
555
13
750
874
609
582
486
1874
1721
795
959
1130
980
540
1980
368
1724
66
664
1498
1289
339
1905
1087
503
1158
1831
1792
966
886
624
111
1508
264
712
792
1772
43
1689
577
501
977
1459
406
433
1953
1187
609
1936
1792
381
4
1424
1736
237
79
1197
1209
1033
16
1378
1893
1748
227
710
484
1121
1226
602
1597
1592
1563
703
109
1418
1986
325
228
1826
964
1704
1620
374
495
109
1218
1555
1023
56
1981
1002
664
348
1252
1151
1502
308
714
288
1702
676
551
13
1604
995
1076
1742
1446
1337
358
1101
1920
1193
1618
1970
1772
428
70
903
28
948
1903
498
773
863
1662
1650
906
762
1852
1482
1476
1894
1021
1584
905
1699
781
1477
1953
1047
860
415
647
222
751
660
685
1635
1064
1043
1549
241
1251
694
670
1150
1728
398
1345
1804
399
597
994
1780
1003
554
1068
1149
826
30
1406
1014
763
130
718
469
408
1628
787
108
751
1550
331
1825
639
660
409
1535
140
1901
317
573
1375
283
1025
1443
1858
1465
1500
815
479
1042
439
1685
1326
1633
1588
939
620
1376
1974
1540
1660
1413
1191
1506
994
1731
137
1938
198
1094
806
215
1449
1228
1566
1134
1623
1154
1889
1743
1016
1578
947
1658
645
1953
557
146
1503
1663
1845
655
1609
1077
927
1642
1904
153
1418
470
798
537
1666
1991
1300
1408
1865
1376
1137
762
1270
727
816
738
937
1007
1822
413
678
1149
974
525
1160
1757
122
882
169
1127
1079
1537
467
1175
918
1722
1322
708
695
508
1906
597
317
723
1484
1412
1402
13
749
1803
637
1195
596
251
777
1636
1963
1724
168
676
473
636
1969
1097
1499
1684
334
1807
211
1491
1459
1435
267
892
1018
1061
1720
1356
1612
1063
1912
134
1084
564
962
1370
417
1217
653
1762
267
205
1919
306
306
312
180
909
1338
1663
1581
1426
946
1418
1917
1012
611
1580
473
469
930
1239
1231
246
248
569
1472
823
1658
1871
799
105
1143
1496
641
986
444
1879
965
1080
443
192
121
1640
1543
392
1791
1369
1314
1981
68
849
980
1168
167
1321
105
1114
1425
976
1236
428
1292
762
208
756
526
483
1246
1046
827
436
1718
1723
568
1231
1559
1910
1840
770
326
1594
228
318
712
1696
1166
1173
1852
1151
20
1619
1218
960
537
517
963
455
98
339
517
396
1212
1648
1622
1605
1417
1719
1563
408
1987
188
1302
431
488
680
396
1014
1902
790
1169
1214
1430
804
1718
1841
1502
572
1594
286
1010
1222
1408
767
1458
1775
112
277
1727
844
823
1919
1501
1962
468
193
770
1001
1141
1954
986
802
1990
522
1331
1929
1343
599
1063
3
1768
809
603
1902
922
576
170
1165
307
147
1162
575
724
1450
1717
696
1924
1908
413
1537
1232
1838
1206
1405
1488
771
504
74
945
1291
558
1036
492
596
1301
1783
1723
420
799
1776
514
1934
1239
331
1653
1312
1093
503
81
467
723
1267
1973
415
1515
1773
945
318
1622
954
233
1752
1271
195
1817
71
80
1978
1373
754
1009
1527
98
1452
1403
918
1165
679
342
799
1840
453
723
650
168
1026
1666
1810
1448
766
597
1384
1761
1850
163
966
257
506
1768
393
243
1088
630
765
1584
1679
1361
834
1286
429
1235
1351
1203
693
729
343
1591
986
710
1551
474
1690
1634
1693
741
767
1723
928
1142
1391
1922
1093
1274
1142
1855
1728
340
358
488
1504
399
1966
1420
351
1717
1819
1924
1142
1126
354
1028
1097
331
988
1071
398
1247
53
638
1066
654
1205
724
270
1828
1282
1318
1351
1490
1685
1034
304
762
1643
343
660
1933
1613
445
2000
128
851
809
801
224
849
1228
1977
440
709
533
583
377
46
899
488
1738
1058
1829
1948
1171
238
1854
1188
1768
849
1215
142
1850
1285
209
1401
792
170
429
498
454
1407
1509
1095
1107
1262
1971
1269
1201
1819
1142
671
1915
880
1204
1441
1358
426
164
549
1736
1119
930
861
1548
1308
1316
323
865
1011
751
961
685
1555
768
1424
962
1459
1876
1035
1807
437
1747
166
931
44
1617
359
331
364
1383
428
597
1537
1003
1819
116
874
1145
1131
1648
253
601
5
1903
1533
1503
278
699
303
994
1618
1266
1377
1280
1459
1720
1254
362
1147
328
1813
155
678
1162
951
1611
1062
455
1419
298
1317
1268
459
365
333
300
406
1910
32
1916
52
1943
596
1051
1725
1793
379
1322
1883
1952
216
358
1494
99
143
979
1700
1995
9
1086
1723
1819
1691
1758
1493
235
1019
338
1663
1857
339
1768
776
766
543
1736
1484
896
1420
1889
349
490
1282
1618
1707
797
231
161
721
1658
430
1583
1310
53
1572
1846
985
1669
263
1520
1852
1666
519
427
1045
795
959
1988
1209
1890
981
876
1546
1489
886
107
176
1596
1312
65
1115
1440
221
434
1623
278
1764
1848
26
755
336
1081
204
79
1867
1944
722
1289
136
416
80
939
301
1983
855
1911
1449
1162
1081
1411
11
1566
1854
17
1650
1535
1995
456
1840
1284
211
537
1528
1612
209
940
439
1846
641
1716
520
1757
377
1519
64
1285
1134
753
426
1585
291
979
26
374
971
1677
283
1465
1383
69
978
1943
225
1487
1278
1189
998
1136
854
153
582
1123
1267
1862
1956
188
1324
1206
948
713
952
1343
1920
179
1596
1182
1825
203
587
104
1009
1537
566
451
663
907
1475
1020
766
1811
1931
1257
265
1237
767
1983
574
1413
1071
387
1379
101
369
92
1771
1680
237
821
241
1145
1899
513
1980
700
418
1332
1947
1246
128
748
333
463
105
1804
1587
747
1665
1508
1244
789
719
178
684
1098
922
1291
1028
1629
195
928
1180
375
1223
104
1152
1685
1000
879
299
57
1514
1593
588
231
751
1658
1684
1331
1921
1887
226
1297
962
134
1796
995
1543
121
525
1303
268
1278
770
1532
1306
763
601
681
1838
913
885
909
1891
439
1765
40
684
1533
686
1238
907
21
1199
1204
1299
686
987
1404
1776
111
197
1300
1529
1976
251
729
1353
752
1727
584
267
1346
406
1738
1503
839
1
299
548
1745
1203
643
569
871
1808
1851
1011
1256
1439
48
1150
94
846
936
46
131
1848
1069
734
728
303
300
702
672
1569
974
930
263
1773
1350
1671
1313
1968
1960
501
1250
1457
997
1700
382
249
6
306
1069
1022
771
622
8
1631
1277
897
489
1607
1648
1705
935
1942
1683
158
476
1636
812
933
1904
1931
1531
1150
1832
991
333
652
593
1117
135
138
334
1895
1623
1421
1941
1997
1975
301
1917
1061
149
624
1791
1670
5
1281
1607
491
129
527
206
968
838
763
1774
842
568
97
439
479
59
1405
16
1222
817
498
1305
641
208
1072
330
1767
1333
1696
1526
1615
1266
1421
1378
642
1064
1747
110
1001
866
1809
1261
1967
1171
1682
938
1091
359
1269
1926
1069
960
1588
186
1762
8
1024
1357
1132
957
642
1204
1827
1366
1894
199
1023
221
1091
1378
295
1556
799
1797
615
123
439
166
1901
33
230
25
433
23
1285
1034
492
388
182
737
16
1206
958
617
1489
1679
525
1029
894
683
1679
1965
1253
363
247
1160
658
537
1101
362
1357
112
69
574
155
1802
1694
792
339
861
833
1458
813
1904
1824
1903
693
581
1774
421
262
1042
1811
806
432
158
1867
1206
755
1330
1585
667
1386
408
1918
1424
334
886
1266
1860
1059
1253
1362
1847
306
812
625
1388
1782
982
1612
653
1100
778
1794
1353
1657
221
559
1536
433
69
874
1874
525
1140
720
54
1001
1655
518
92
493
1322
659
1319
27
1437
783
68
813
1433
1843
1969
1967
1793
1732
1602
1110
838
255
1310
1728
550
1681
142
758
537
306
1262
633
1919
998
1478
26
1211
1153
1615
1310
1757
1805
305
386
1582
122
780
600
1469
209
1586
1566
1065
507
142
1252
50
125
260
902
1345
1713
997
98
628
1284
1573
579
996
1637
1191
1073
662
824
1589
687
926
736
1360
1136
1304
983
797
955
134
823
1939
1562
1459
1532
1514
1687
1541
1958
223
793
985
517
74
1949
1453
296
296
1410
762
153
822
286
1598
1861
10
1301
1358
508
1687
588
54
187
1596
1423
1567
1248
1651
71
811
500
962
1762
562
1199
53
311
1668
390
1660
677
1343
105
1469
999
1887
580
754
228
1930
866
170
1434
1014
657
1508
1673
508
1069
871
316
1201
1875
216
1800
1101
855
305
496
895
1066
710
1547
1764
1469
813
1209
1283
255
993
621
1158
1888
854
67
1859
1850
717
520
1574
1024
1126
1370
185
1746
1886
194
1692
1819
23
1048
1301
771
1299
1526
1152
1264
557
1680
854
1264
1667
541
802
1109
888
181
1489
66
860
75
1952
1045
1820
767
1769
511
1819
1790
798
1251
1136
1790
429
8
1762
471
490
1282
610
1652
1768
1891
782
1603
315
1251
1398
172
1063
1778
528
470
1680
992
305
462
1316
1126
584
1245
1432
562
825
725
1563
271
1805
580
1000
1568
1355
300
1394
259
1892
1773
1031
1359
1954
251
1505
1655
1563
382
858
29
651
270
902
1145
1585
840
1066
1852
1799
1090
1803
104
1618
670
458
1645
697
331
57
1911
1361
1722
1879
1361
1835
514
1772
1841
601
147
1535
170
1458
896
1303
340
1063
1268
29
941
1773
229
886
1320
590
1901
1389
414
1110
1759
1116
1505
1790
1684
262
379
308
58
19
1193
1219
1838
1468
603
992
517
1466
234
1493
1620
1491
675
1169
938
175
1658
1372
535
1939
368
600
823
473
391
1411
362
1045
593
926
1851
432
3
1814
1361
1030
1045
206
1994
718
1251
787
16
1091
1019
494
91
1684
97
633
1567
1945
1173
1557
1456
1302
1330
1878
1071
797
1341
882
266
879
1096
791
797
1503
1045
981
178
502
896
1276
1419
1986
1865
185
1908
326
1941
1195
481
141
601
1628
154
709
265
317
125
1404
173
1234
348
1303
998
570
1662
1637
1877
1
1281
15
213
214
735
480
693
500
775
843
1281
1576
540
1688
1481
1653
365
131
1221
1404
224
192
1196
1625
1630
179
1463
1808
905
142
483
1464
81
850
1081
1908
418
233
1293
217
1967
497
1213
1634
1661
979
1522
1831
1802
429
1095
1570
389
1494
952
1167
522
170
597
1835
942
539
1526
1545
43
1760
1597
649
1339
593
1860
564
338
1491
955
1307
1934
627
153
1583
731
1171
367
154
308
1654
602
768
1302
1635
1533
749
380
1294
8
566
1278
1185
651
1978
247
1472
314
870
1665
720
153
1114
548
265
1400
972
366
203
404
270
648
1902
1065
496
875
1339
1096
1219
1727
762
1498
314
117
680
1635
756
1946
1211
677
1856
1797
1702
514
571
1560
1403
986
1936
953
1990
982
1007
1538
777
907
266
1518
1131
1298
1597
441
1716
1810
585
1452
679
546
341
1329
1072
1659
535
353
863
952
1571
262
103
1256
59
273
1390
1032
1086
1617
1588
1004
554
240
1774
1941
1886
1277
182
150
365
64
1450
289
1272
1580
1133
755
1644
610
639
1570
1008
522
1465
326
1843
445
168
148
1540
1636
1481
1517
1923
933
1574
846
1888
3
1963
1141
693
1116
600
319
1331
1369
1585
698
501
691
658
1855
1513
577
1213
1533
1693
1804
1192
138
437
1739
829
1323
1567
496
1109
460
14
1534
44
787
506
409
1325
1830
14
1493
1600
1816
1950
240
1038
1644
1275
1908
1894
1934
135
876
642
269
270
1612
1050
1889
1977
820
743
454
893
533
919
866
520
268
839
1014
649
1370
887
872
1587
1632
1505
1579
1003
1111
1262
196
492
1232
610
1534
535
80
594
1113
1939
1379
1436
1119
1067
1752
787
917
417
1515
1094
715
1402
219
14
1195
1319
1161
1820
1273
1052
520
103
1464
329
561
519
1095
1083
1577
1740
1576
1939
361
1862
91
482
18
1344
1810
1145
311
1005
1136
377
649
1433
1106
285
761
794
1154
39
1156
1865
214
1465
1942
1218
1440
606
919
97
771
724
576
1634
902
1614
1581
566
137
110
1276
849
1812
835
309
1080
1875
1322
790
518
1696
1891
754
135
364
1152
372
583
924
694
637
920
472
56
1317
318
1606
818
655
1493
1493
348
236
349
1255
1684
1021
332
1429
1815
438
1742
424
1674
1719
1047
955
1780
131
1019
1242
1468
460
44
278
1540
1940
774
1987
653
275
770
1126
1268
1084
630
319
306
274
1420
930
227
1402
360
1608
1028
1097
416
1570
1053
1143
845
1443
147
1190
1724
898
1306
607
1215
558
1600
1593
1909
889
914
1200
1686
63
375
1888
1896
906
1622
1858
1346
745
812
878
1358
931
1907
710
679
1792
1091
1499
250
907
150
1327
1408
1838
1321
1381
1708
936
917
1613
1650
381
52
114
286
343
1252
60
945
1357
230
473
579
346
648
1603
600
1552
1106
1110
1462
1548
1802
277
1589
379
58
255
268
257
1871
547
1886
1277
1746
735
473
375
1092
511
612
32
1175
1926
1700
16
1269
719
229
1082
833
1035
1773
299
870
119
763
1445
191
1335
593
1198
304
873
26
459
528
1023
431
693
1496
828
112
781
949
1651
608
1644
1132
109
521
1179
960
398
479
1561
1235
289
1433
804
925
1415
803
29
150
1183
893
1854
190
751
1092
224
1809
1267
1811
1262
29
633
224
1259
122
1348
955
612
1033
1415
1628
632
623
690
1333
1723
1524
1752
1743
346
1701
1920
1541
1751
135
1294
649
1281
1760
748
1534
337
1040
1255
1428
613
528
1833
1231
187
1256
385
1554
1730
668
271
1531
638
505
401
139
1104
808
1501
975
770
123
428
1088
822
1802
113
888
1076
269
1082
1715
397
312
123
1323
38
583
1948
1530
488
1365
276
1260
1715
1800
697
973
1360
1409
922
729
561
153
890
332
798
1842
1023
1829
184
1987
193
627
1571
1205
932
597
267
591
334
635
220
1665
1944
437
1413
79
1233
1339
75
7
285
1725
553
1064
1045
1136
667
827
829
1968
116
794
1583
1189
620
1804
187
639
1774
1315
1370
948
283
1902
1766
875
1670
651
736
1590
199
1904
3
591
97
886
1580
1828
1067
1609
1126
1502
19
954
501
616
1934
418
1041
452
1135
1997
264
1910
248
373
1294
257
163
1319
55
1971
1079
748
1414
1895
765
1386
1205
1551
1184
753
1702
452
1594
1994
563
1421
1330
830
997
1899
1907
1466
770
81
1166
1130
711
1761
1250
1249
592
150
588
470
692
1697
321
316
1018
1207
323
1271
1688
1565
530
630
367
895
654
560
1864
800
759
1186
138
411
1448
1151
401
1687
848
1090
1056
371
164
929
62
870
1116
1278
69
1420
339
1187
1217
1545
113
1710
769
800
651
1111
591
733
699
1261
1329
1985
1889
701
386
1840
578
1102
1839
181
516
855
1156
1800
437
1935
868
1570
1051
663
864
1436
1833
1781
270
240
1787
1307
81
1010
1789
772
585
469
402
761
1190
537
1245
1610
208
1459
1298
950
1866
193
1199
468
65
1160
1685
1114
1680
410
1243
349
580
38
1403
1905
1499
1514
1085
565
490
573
1927
462
1075
411
869
285
752
1588
1626
1808
1081
1636
1417
87
292
467
494
341
471
551
1904
694
595
809
605
1515
720
250
1235
712
726
137
1735
916
156
1810
564
1228
1324
401
1920
1331
1083
1738
1115
43
966
1616
1473
1145
18
1437
899
1320
1507
1610
59
1560
1135
153
504
267
1129
1082
138
1977
503
631
602
85
1056
513
818
1896
1839
243
1184
720
1439
1048
522
987
1712
1449
399
315
741
1725
1370
1269
283
159
1753
841
976
921
1032
544
464
1800
1818
1208
731
1198
1337
1790
175
1079
857
1235
1118
452
210
20
119
646
1559
671
1240
1986
1297
1080
465
1480
1778
1720
1195
1310
1831
867
580
1264
591
1245
96
1990
414
1215
696
1436
56
134
1855
176
665
1053
494
1086
1562
1044
1864
295
834
561
1197
73
128
646
197
341
743
80
1419
1283
349
125
814
927
406
1740
1196
47
1799
906
117
213
1997
1733
1231
54
646
928
199
1142
652
901
1156
150
115
602
1044
1124
484
1826
1652
890
1965
1157
469
1622
903
500
1911
286
1026
1944
1297
1230
940
1156
1823
753
458
848
548
890
1256
1070
771
1747
601
801
1036
124
463
237
198
1781
67
1679
1015
228
981
1199
181
1957
1307
923
1728
526
1648
658
1883
489
1915
1022
1130
1988
1542
628
116
89
1626
825
769
1047
1785
812
1209
190
672
290
490
758
541
432
1268
1600
418
1793
1492
1073
1940
1130
436
1716
1724
627
654
1681
986
104
1557
854
560
668
734
1590
78
1454
1746
572
1314
464
1244
151
1934
1220
768
62
1716
1208
1696
1010
16
1839
822
1465
303
1631
1820
1556
1515
811
1404
1131
1170
690
1409
322
4
1125
1093
1102
1390
1855
1889
1807
1209
1853
234
682
74
1077
1475
363
853
197
607
1561
1074
1539
1278
1787
122
352
833
1480
1786
52
276
849
1530
1049
1509
340
1346
1238
14
1481
1984
257
722
383
1429
356
1974
34
80
1609
1720
1133
1509
1040
1172
382
1007
102
113
671
1262
1784
1347
1371
1392
1600
1322
1040
664
1869
493
1023
1481
509
1692
1077
1821
702
1871
1856
1176
204
734
552
533
454
3
1787
907
1157
632
1989
1968
1930
1333
1453
669
1046
547
1437
1557
163
444
408
1249
1451
1669
38
405
939
757
681
128
1523
806
1349
1103
103
615
1931
1863
757
1236
1126
1662
1916
152
1777
1125
389
443
1412
1194
1173
1937
1164
200
334
205
293
1344
1280
745
326
780
1600
800
1511
591
1281
1771
420
961
226
265
129
159
1254
823
1278
1714
1528
1953
1564
1872
1479
508
1439
1388
1547
1495
637
1021
1547
1146
1908
344
1815
1505
573
1255
926
259
1099
1940
885
1182
222
400
326
74
546
461
718
269
1998
1028
776
500
730
799
1853
991
1219
10
1176
1555
1315
1057
1652
1925
628
1595
571
30
189
658
612
37
325
888
1534
1363
1430
920
1839
1978
1866
924
1810
773
1207
1121
1692
570
1327
1205
1313
620
664
377
202
574
710
1072
1982
57
1420
1811
1732
239
1911
882
1752
1730
711
1263
1730
42
154
754
299
69
1565
655
1635
348
1353
1752
1515
460
718
727
535
675
174
904
910
59
1275
119
339
1370
1110
13
577
754
293
150
922
741
1650
1076
1636
921
29
10
333
732
1437
319
558
1290
575
644
311
776
1792
1776
788
1351
505
1900
1250
414
220
1132
549
143
317
100
1362
1564
1615
531
1792
1216
29
689
1068
1256
894
1623
290
1950
1668
681
1233
608
179
1044
1651
1528
1896
668
780
301
668
1108
1101
321
235
798
1663
371
1002
253
1730
1534
1129
780
981
1774
1811
997
1059
1820
1158
1552
1323
940
440
1206
369
396
1724
252
1292
875
1226
1475
607
86
1672
739
1323
1792
549
1996
1669
1583
1314
1088
774
1645
1191
1564
1976
1577
1706
972
1748
668
411
989
63
1656
529
1355
1588
1364
1302
475
955
1873
483
419
545
1552
663
1207
369
175
618
462
1819
1874
64
1188
88
850
1044
1681
1251
511
1810
1535
1126
1795
737
676
1238
174
751
375
1622
1447
1350
1828
1642
1098
32
190
1030
1905
1687
1871
1947
746
642
1567
425
1919
1861
732
690
1386
1434
1601
1188
195
1120
87
1516
1320
1199
454
1428
1450
689
66
1688
1541
1020
1414
1583
662
1828
1154
576
534
1781
733
301
1893
1302
1965
388
1658
988
1182
90
1129
1268
997
120
1031
107
1688
1190
1383
1295
1247
1908
354
950
1685
994
1525
360
1384
1829
326
857
84
452
1333
1743
690
55
1811
943
1821
656
1383
35
1025
664
673
1907
1502
668
1266
832
1153
1920
1232
302
1677
1453
218
323
595
848
1057
551
1656
1586
548
1232
204
1340
695
1339
591
1361
788
784
414
1450
1639
1853
1029
387
1206
397
821
1707
859
1852
747
1397
1178
202
825
1850
112
769
482
456
715
1849
1005
1607
701
918
1903
266
141
1413
1864
218
1304
293
1388
1252
88
1596
1973
874
690
98
451
1163
1203
506
1309
121
1882
186
668
1303
1008
1062
759
1538
566
1299
1845
662
1627
1576
249
315
830
1375
1316
1360
19
258
1528
1684
1494
1890
1840
447
1020
1576
1045
1235
1117
1462
127
986
460
675
1104
1488
825
1016
258
430
586
900
481
527
1784
1173
1878
1237
502
206
1093
886
1384
1519
799
1135
412
1888
1026
553
459
1906
1379
1416
1314
1558
1161
1007
1758
786
486
564
1810
1406
1707
758
1267
64
1841
940
1040
1533
673
1252
654
623
1293
868
206
473
1944
1398
1319
653
40
1141
73
530
382
899
1538
1256
630
585
157
344
1443
179
1836
860
160
1145
1664
695
1560
1417
1182
754
788
857
847
438
994
80
1130
99
1745
1721
677
1949
1910
1978
316
6
497
693
467
1512
452
897
519
692
1806
26
265
777
1682
427
1871
1940
751
1970
245
1522
1159
1243
980
441
289
1271
1605
1340
944
1889
1183
454
1368
642
1498
1997
540
1864
1393
191
492
1870
960
1766
1559
37
1542
1372
1736
1162
1253
223
428
73
890
654
575
993
364
1868
1881
1183
2
1807
1366
148
1993
629
1619
923
1175
956
1105
351
1175
310
891
1076
924
1669
1993
1945
1492
400
73
378
1156
1257
730
1274
1783
508
573
251
1058
1642
600
1576
875
1102
1973
1380
1941
192
1797
117
247
1262
741
640
1592
604
1215
924
586
1665
1142
142
533
342
1121
405
985
1459
1910
1525
161
1877
1949
1215
1915
662
1803
1
967
295
630
343
1186
1316
698
108
95
112
144
32
1948
1470
1505
67
236
523
1787
1945
1989
694
585
375
1487
1437
378
868
92
1311
1563
1726
1571
867
696
111
1639
213
13
551
1886
1349
772
1714
1350
1217
879
1923
1646
21
284
966
1162
586
878
797
275
1906
721
1674
83
848
152
628
1892
1710
348
1072
590
1806
163
1575
349
1440
465
415
433
1954
764
1271
94
465
1750
921
7
930
1649
1744
603
473
1664
876
1015
371
303
1814
1986
781
1654
1909
1788
1683
1367
344
476
869
51
538
1961
626
1144
1224
1804
793
1386
409
126
1245
1377
594
1144
633
1619
731
1398
1267
1930
402
1197
168
1089
1693
82
659
1419
1721
1002
1990
858
535
946
322
318
537
1515
1219
1934
1547
1146
901
575
1505
189
214
1470
710
1162
598
1428
721
1437
1991
168
937
188
1451
1825
173
1040
1106
1371
600
1204
398
1314
1397
920
316
844
1193
645
1662
246
503
1876
1311
1506
1622
97
830
1451
279
1266
494
1680
1674
907
790
1924
17
797
976
1237
141
286
1309
437
239
87
332
1023
1735
1533
270
130
1345
965
991
627
648
1819
901
1498
371
170
415
1118
1324
1879
81
328
877
652
180
1621
800
1311
1134
7
1303
635
532
921
1247
1604
1123
50
1588
547
1646
1378
1208
774
132
1998
1323
459
185
482
1806
435
960
1819
388
896
1236
1189
1332
536
848
1599
1865
940
613
879
614
551
278
334
988
174
1854
297
321
1436
1350
718
181
17
746
1577
895
200
1612
1319
905
1067
1054
1260
1294
384
1604
394
823
472
545
18
1857
1041
929
1048
674
665
1977
948
1494
1340
1592
546
568
1435
370
1668
340
1907
1446
269
1707
1864
1129
798
884
1404
521
58
1896
1993
1559
1979
976
256
929
1486
1347
1748
1517
1235
550
673
1672
772
161
1732
871
345
9
1305
740
753
883
1033
601
957
13
343
608
1489
1162
1403
1610
1704
236
1315
1506
1405
1211
77
391
662
1286
435
154
1962
414
1967
1221
496
1036
1426
520
230
1100
438
625
1947
619
1893
822
21
621
311
1989
901
1091
525
1766
207
1648
855
1841
1057
1742
706
801
1196
1824
266
85
803
1192
1840
588
1091
1564
655
191
884
59
1351
224
400
1061
1255
748
1213
1693
1404
786
1144
500
1455
687
158
605
601
47
353
1722
1312
1714
542
1792
418
1929
829
460
1637
721
1004
1496
1664
789
194
531
1584
1874
1137
1877
1195
1976
1525
372
1034
1281
1738
1201
2000
259
587
954
260
457
363
1345
652
1582
1093
462
1374
99
1146
1988
726
1118
1855
520
1665
351
1760
560
1699
1614
379
1958
508
1558
1622
996
1832
202
272
1717
38
1457
1634
233
978
695
1548
571
1649
347
1728
1853
383
101
1097
20
1657
1818
1411
487
1179
1878
1792
1213
1585
1673
1121
2
503
864
862
1751
136
680
355
493
1456
577
475
280
442
1636
757
1332
1872
853
1211
1940
730
1329
630
1772
592
591
1815
986
415
52
341
605
1923
1568
1347
1682
842
1408
963
1642
875
1720
18
1993
551
68
305
960
1778
567
1569
341
1463
494
164
1706
1374
1917
1971
1070
1812
954
1780
48
258
1482
783
788
1204
48
776
114
1380
1041
153
813
861
1319
437
163
936
1458
1228
1802
506
441
472
1621
1405
1758
1423
1323
880
1126
1981
1915
674
311
835
1109
60
1734
1789
995
419
1444
1400
922
342
1589
1777
286
1880
1
878
23
470
1414
1389
531
654
187
84
1519
650
1044
1904
1338
947
1299
1332
461
1610
1006
869
1419
1111
511
151
1179
1349
1177
1068
946
648
862
1530
1993
531
1585
270
72
908
1126
462
290
1355
709
1021
1390
1191
1013
1553
1371
639
1665
1322
1175
39
1674
228
1681
675
859
1588
284
1217
1862
1273
96
1397
515
1382
727
1084
445
1811
748
158
62
1254
1874
640
1491
578
249
1029
776
1958
584
1185
1143
1232
1122
560
304
1467
80
1604
813
1661
1943
845
108
1575
1261
1018
1136
619
1495
674
1767
668
1593
1610
101
806
1931
829
662
1273
1717
1577
1077
1484
1480
890
1701
990
1897
1596
267
476
256
1069
114
938
1966
1365
1742
993
576
367
1923
1513
1901
1343
373
580
117
89
560
341
1355
1805
704
201
1587
937
1375
1367
843
1319
1267
1051
383
1024
1497
840
1475
1373
1912
616
685
775
53
1268
1131
732
843
925
629
452
232
268
1894
985
1497
622
16
1232
716
1298
1692
203
1177
1165
1044
910
1934
365
1119
1253
61
1285
1677
791
875
170
1163
1744
414
190
376
1336
1465
1263
937
629
1283
1125
1328
250
1349
1361
1861
1658
357
1899
400
436
18
602
549
1173
794
373
786
310
1665
300
1360
1501
30
285
62
1618
95
1333
913
1606
717
51
438
1422
1098
1740
1478
207
1943
1478
28
1359
972
70
229
154
1216
467
285
1061
1861
1234
1380
469
414
75
1327
1015
972
1724
1932
1520
494
1353
1519
1173
1645
1854
1276
38
369
54
1870
969
1590
914
989
852
1784
1749
1267
585
584
492
1409
1550
1646
1613
508
1601
1260
464
763
907
1002
1082
691
583
1408
1869
1189
1187
1478
746
907
1019
1858
902
1275
919
1108
83
1605
1344
401
30
1527
1136
1309
1270
1469
1775
1332
242
1428
895
1282
1298
1357
118
448
336
1858
1031
1347
1336
163
451
569
1828
459
498
1353
1297
1408
1675
1455
39
1168
1842
184
1110
1862
399
1051
254
1498
630
375
1961
1426
1652
1367
1379
1062
378
987
1120
1657
406
1056
1616
711
1096
1435
406
1288
1
1027
1140
15
1785
1667
1551
1577
748
305
705
1291
1864
187
1478
111
1515
927
91
1685
330
231
544
629
1213
1355
1976
1987
1516
551
1909
823
434
1259
30
87
361
401
1439
886
1691
780
1676
1497
1168
322
1058
926
760
187
519
672
751
293
634
563
1641
685
1745
537
1551
1219
36
1404
32
1368
1756
864
1263
1173
455
1570
576
1849
597
1073
668
475
1091
216
275
189
622
1626
1028
1733
1961
654
440
1037
707
1719
521
1688
1166
1439
688
19
385
1015
49
1101
553
1393
1763
50
683
843
161
159
145
1801
1939
783
628
1107
1585
1597
1727
1596
13
1840
36
59
1423
1077
1050
1005
132
461
235
1980
142
121
1324
689
258
1275
1493
1611
539
868
804
1217
1541
1883
263
512
757
1988
682
1800
475
441
1983
1903
1277
1009
717
1537
1569
58
105
647
1600
1261
1966
317
1234
618
171
1754
1182
607
337
680
135
1307
489
1516
599
838
112
62
374
542
133
667
100
203
144
1810
624
1184
756
1904
1485
1775
1198
1380
783
447
263
345
1878
69
1760
1045
1617
896
694
1515
721
1114
1778
1681
489
872
1658
306
1516
1754
1005
1141
1703
1970
1581
702
1004
511
1020
158
112
1270
1234
163
1220
1090
1712
1286
544
214
122
1244
1399
550
844
732
165
140
242
1356
438
475
18
1455
1123
1104
1485
1650
787
272
392
1441
1340
120
769
983
1549
296
972
144
1575
788
473
162
159
1855
410
1914
680
1920
687
127
1225
1112
1813
403
1576
696
1945
1673
1424
430
31
421
1073
217
1708
1822
668
939
6
622
971
525
1367
1823
1142
531
1857
129
1253
1897
1033
1914
545
1054
1823
430
1654
277
876
1751
1409
995
1220
156
483
52
1693
30
1101
240
1176
1245
1495
620
1834
1565
203
563
1816
223
1580
205
1536
1325
1547
1864
354
41
1668
947
218
179
231
336
1946
573
1199
1705
490
1455
802
622
1308
784
239
1958
1037
1016
651
395
1726
536
1078
1103
1927
540
532
620
1115
757
492
1353
523
1923
996
856
1136
1227
1614
1762
320
179
627
1215
758
1852
115
1989
1334
1235
296
58
1145
60
1424
429
511
1918
364
1597
81
619
1935
534
244
1215
1291
1749
1795
107
1520
1718
964
151
182
401
1557
815
1655
296
1466
300
1677
1091
1923
151
1868
719
134
1932
1299
842
1193
695
436
76
307
747
1754
883
1276
776
1675
1533
252
186
1321
756
216
1248
1244
1824
1213
971
1154
1965
1038
698
1966
1985
1793
1484
1330
1467
872
800
436
1764
1885
1898
213
116
328
1055
140
21
184
1215
113
1317
1152
148
484
703
254
1479
892
36
1364
1762
280
1622
506
49
1062
1870
1539
810
1436
963
883
1885
1158
1568
1430
285
1386
788
256
1282
996
128
1048
630
1710
19
406
1762
437
636
688
1601
1143
1627
173
385
1260
128
1486
1207
1597
322
1476
1515
1763
859
375
607
642
885
724
1252
1878
574
490
1842
1853
620
153
1562
262
923
881
1211
255
1199
265
231
883
543
1889
1034
891
618
940
1559
338
45
1418
1211
828
1830
955
1833
994
1856
1408
1390
10
1081
826
1257
1088
432
1105
1726
10
251
1551
41
286
641
1810
1229
32
623
386
551
54
1662
1529
1443
1646
1530
242
769
56
3
14
336
301
1031
838
1188
554
1186
1171
244
158
65
337
1049
1683
613
383
131
1893
490
1251
414
484
1487
313
1647
188
1960
1307
569
1735
61
1522
1793
1238
1442
928
1518
15
387
183
336
1885
1699
275
1322
77
297
370
1291
1714
1707
989
1562
550
1935
1982
169
660
537
432
1535
731
309
331
1787
1892
1035
37
839
245
1904
541
1788
1791
1552
1818
34
1919
151
571
977
1942
1137
548
259
311
538
868
792
851
1229
894
25
69
798
1959
1086
1825
649
582
1758
1559
789
1765
852
933
850
911
1391
192
1467
261
994
520
1184
456
1911
127
367
1249
583
275
378
1914
594
475
1321
9
157
620
448
1391
1401
1704
1119
1141
1062
1718
893
767
1191
611
203
744
445
1287
1554
861
1243
559
957
630
1655
1487
289
137
1065
1488
1672
1442
1776
326
403
1764
924
375
1450
1768
1597
1686
1077
420
1061
1687
431
1434
1726
943
922
1886
1257
1613
804
643
758
1438
387
980
242
280
1895
1262
878
1416
1060
1305
1557
1237
1005
971
221
1834
866
854
59
1021
1928
551
1487
234
1539
1532
1082
339
1861
417
40
1204
1215
938
1193
1447
817
1196
852
244
700
1094
255
163
579
1354
915
999
117
148
676
673
1970
1504
1294
1766
1024
753
1768
492
329
1318
512
316
554
598
12
458
1341
1964
513
1239
1944
985
603
1195
1087
260
1105
299
518
1058
1627
1438
1002
1788
1902
925
576
1853
993
1755
427
229
249
1149
933
749
1510
912
1413
1860
1641
80
1933
1776
1278
22
1955
772
800
1021
1104
1918
1711
954
1756
780
99
615
641
923
977
1414
735
1883
537
1491
1819
1170
1814
114
1114
6
307
815
467
1071
624
1418
1175
479
129
7
379
983
1233
246
267
629
176
818
565
1262
440
1309
387
190
1837
1117
836
221
1106
223
473
278
657
693
1858
1777
1581
149
840
794
826
1948
476
218
1601
90
1920
1604
1922
1532
1217
1979
1126
992
507
392
986
1422
1976
670
441
691
184
1264
757
1775
854
1782
449
1594
1717
855
1178
184
502
1188
1042
1829
1327
1000
1270
173
82
1504
648
133
1847
109
136
1148
879
55
100
478
255
1261
953
220
871
1804
1132
1462
1962
1177
1007
1064
1213
1529
1202
1446
871
1294
354
1753
504
713
607
1936
385
196
1388
193
399
1215
1420
1782
1206
1725
1352
1570
1074
9
398
878
1117
771
1294
1172
1533
350
1007
766
1955
1873
1786
888
1504
1819
747
233
1051
683
1699
373
418
1061
169
482
1270
223
1215
1780
982
628
1525
1910
1292
971
877
373
887
977
1723
1433
1241
180
224
1152
924
1091
77
1159
1258
964
322
1509
1587
583
1016
476
386
1618
134
392
1950
1151
1167
1901
201
1758
1783
429
334
1293
361
234
731
805
180
1368
1094
1972
426
1838
1331
1487
757
950
213
1768
891
1337
1457
572
1188
742
1592
148
1986
1553
15
1778
1729
1396
1770
932
744
167
1995
1740
1
1360
1310
824
953
777
905
54
851
212
87
1113
1223
1478
514
1453
1427
1008
1786
1559
990
1524
1335
1957
235
1739
1136
241
1941
1680
125
557
820
1254
1839
831
1424
1942
871
1271
1804
1744
286
402
1242
1551
494
739
683
913
342
1492
196
1781
165
1564
1698
902
1211
709
1519
1179
1224
1687
914
1766
988
1246
1125
1444
1094
1569
893
1824
174
1998
1456
1117
286
1676
1451
835
547
630
1164
1379
1728
422
1014
851
480
1516
1584
772
637
962
558
317
791
571
487
1286
1914
373
1820
1138
388
1409
1304
664
1044
50
45
1598
216
1378
1551
1583
1419
1894
597
1992
1109
1313
1891
450
1964
342
1883
1914
351
109
537
1093
1551
1208
633
867
1686
1253
546
1030
1777
349
1641
363
195
63
21
1935
1777
100
1341
1954
441
169
718
1467
1205
903
1826
7
1021
289
1010
1137
1285
414
681
655
1230
1183
1376
333
1305
1538
792
793
1385
476
1898
272
1024
83
625
644
1897
415
979
890
1642
35
1578
1082
91
1028
892
983
1320
1011
1484
1888
1599
876
181
1868
757
1518
1608
1609
1192
650
1497
953
1032
961
849
353
562
1756
1748
980
1213
1436
281
1167
391
127
128
1880
1041
301
1294
1168
625
1345
795
440
482
773
68
694
1105
1117
134
1164
952
1324
1573
381
1924
1071
1830
1292
307
105
31
393
1056
296
147
1110
1963
326
314
328
157
1437
893
1021
1211
1767
244
581
125
288
136
371
1538
1796
1037
1690
458
857
737
1393
1889
436
1507
1040
1521
1762
475
1880
55
1124
1781
334
851
654
1136
1654
784
1243
1931
1657
1627
1911
367
1341
1472
1640
1363
661
70
241
568
1677
1803
900
1978
68
1719
1058
1951
1755
323
707
117
889
883
654
1829
990
1421
1330
1664
517
1539
822
112
1742
1945
234
1017
1512
220
68
883
260
1944
1881
1867
1968
1387
1405
743
129
887
1086
1081
1573
1203
1895
1263
1758
246
1628
1956
463
1826
1353
1451
1372
1594
1060
1510
1008
1815
248
1705
351
1529
919
1213
729
804
1461
1911
1758
1220
1936
1269
1555
1798
454
203
1657
849
1455
1874
594
625
1100
1106
1281
1194
323
836
739
161
473
1989
1819
1582
271
1101
108
1354
1645
1823
295
610
1560
975
1099
1757
1977
39
703
1070
1496
1941
1391
547
1903
1816
915
1467
1117
1988
779
1764
1787
772
1456
1826
1809
163
67
1145
19
397
42
1585
382
1905
1541
1634
853
601
1361
1718
1744
1795
1688
971
978
131
914
1192
221
688
529
1161
871
831
109
520
489
1419
1318
239
259
156
1471
1113
1669
213
514
109
1314
555
1419
261
1048
92
203
938
1422
1203
410
1238
1399
630
1610
357
483
1190
1737
1638
1181
5
1890
1585
799
1747
1349
485
337
1723
654
651
801
1528
329
1377
1287
1643
758
224
1719
1427
1151
1483
1508
1111
1602
1341
1071
1372
1911
1256
1639
378
1503
444
833
1582
800
91
403
86
1279
504
840
344
1769
683
411
1591
49
80
1060
1867
1205
1203
1288
1844
439
1770
98
1625
66
831
1190
394
1593
422
349
1228
1883
1324
430
1828
761
70
455
1814
1738
1165
1122
3
254
430
1654
776
637
524
594
857
385
1135
1316
1372
708
1914
488
1497
781
1690
744
1416
692
1755
1502
869
802
746
887
761
146
881
1214
610
814
203
954
585
33
1769
421
1368
309
1949
1006
1783
1453
995
1215
699
1053
1594
548
586
697
1752
187
414
606
704
1454
1773
104
158
29
387
53
938
487
1840
1432
978
157
1061
1333
1216
840
222
1634
499
1019
1609
1020
606
1724
115
1462
1802
929
939
308
1924
1753
978
815
254
1851
12
373
649
101
290
1459
965
677
474
902
371
649
528
1661
1393
668
1161
576
528
520
1355
1040
154
112
518
880
569
1358
1900
1548
1273
1508
1494
1173
1547
785
1211
495
581
39
695
284
824
307
1659
1479
198
1642
455
214
1326
1910
1630
1247
657
555
869
701
1756
13
1393
677
610
1297
1843
1787
1995
146
260
1964
181
1373
1858
284
1769
40
686
477
1970
1694
1590
1801
1561
1674
643
1486
1329
579
675
1818
65
1393
418
1649
437
200
1240
208
1599
1806
626
564
14
992
1977
1476
622
1201
1564
224
1159
1741
1380
486
686
1091
136
821
476
978
1613
756
1036
190
1819
416
765
1321
1517
347
1035
1991
1416
162
87
983
894
974
332
722
1762
1489
834
1815
189
363
1894
202
777
579
147
390
835
586
1405
480
1919
611
310
1112
1582
888
1992
874
609
494
1922
446
792
450
541
837
1996
1823
1101
1193
159
1154
1797
927
797
209
1305
1984
1357
857
1310
1178
1491
1282
1008
1877
1211
1278
1406
1722
760
1425
1048
727
870
1376
454
1959
1952
580
677
1993
1578
1590
1265
1623
897
1662
254
1027
1432
497
1064
765
1604
1342
1966
1874
1153
161
828
362
1992
1041
1771
1297
933
191
1936
1241
313
797
1766
1079
1088
885
368
499
571
1060
1120
831
1812
611
1300
578
511
717
1612
1078
1181
463
204
1290
1961
204
376
19
1677
963
938
1818
835
1089
1399
159
1019
974
1712
1229
235
1214
329
799
1065
1751
1319
1576
253
1050
1799
219
1270
162
823
1426
201
1620
1276
1797
1244
830
1296
979
188
1275
1901
953
1206
1183
451
1337
314
1549
427
339
1452
513
326
1252
502
526
1688
795
210
388
727
1750
1200
517
717
1776
1802
896
538
1108
358
1720
464
337
54
645
1111
1650
1609
49
744
984
933
84
1235
1157
598
872
274
600
1523
71
540
1993
894
306
1773
63
233
502
1520
1797
447
1347
1638
1898
1749
788
1874
874
326
620
1363
1869
1895
1199
1898
809
83
588
64
1730
866
186
276
484
447
1736
1529
690
770
1190
1071
668
1710
532
1868
780
1367
551
56
1882
1068
1343
1216
1502
1963
1456
1715
1984
1519
293
653
58
1390
1918
1459
1474
350
711
1150
920
1668
1631
648
924
1348
1191
269
39
251
447
899
1070
1981
1435
1961
108
1274
1921
540
1899
1805
390
1468
350
211
629
698
798
568
628
1437
1890
176
560
1193
1657
1565
1115
73
1339
1698
131
722
517
866
613
1934
260
435
1787
1244
797
713
1294
1467
1464
1917
92
849
19
1408
1562
1130
47
16
1978
404
1647
722
923
221
1563
907
595
717
965
863
1398
1351
14
158
922
1556
1634
1263
730
1775
502
133
1455
1534
1797
1534
1894
1072
1920
1957
1045
1691
1797
1863
916
1519
1878
1622
1861
894
1668
1976
740
342
1647
1175
1924
979
508
1357
1829
1235
645
982
815
168
1184
1759
1107
599
1795
1589
1552
1198
1115
600
1096
1984
967
1370
961
1494
423
497
196
1418
1712
1579
1486
210
1042
1694
1688
756
545
251
1383
1111
17
833
879
1569
1660
1180
285
1187
1453
857
422
531
1987
962
1656
1207
1636
1912
1301
1256
1294
125
1877
1798
1390
621
688
153
1040
1218
1455
1
340
927
724
1905
1865
1917
414
320
1144
1186
1398
612
788
674
258
174
1098
636
1986
1448
1145
1435
1954
854
1827
1795
1671
96
719
592
1259
273
749
1730
501
60
1999
1211
489
877
1471
1116
877
1208
362
1618
1639
975
1511
809
1452
309
1019
1337
306
126
675
892
1516
262
1804
441
758
846
1946
355
1765
1103
643
1800
1085
926
1616
722
1943
1112
1540
1361
411
1670
1731
84
1229
547
1494
976
1585
1049
1196
441
729
595
1704
1948
1248
1785
1962
1294
1598
810
965
128
1606
703
1699
1984
969
713
109
1829
1410
877
1937
1448
1314
1030
1755
121
943
623
390
303
1803
142
1917
1400
25
10
1707
935
1674
442
1612
498
1997
1876
1108
1826
1271
1561
1135
384
1813
1030
1998
755
413
1460
627
236
1778
1387
1880
835
1632
1610
721
1828
577
331
912
486
4
1231
1323
1321
1361
1702
75
1362
1143
1381
1792
534
138
628
1579
997
875
337
530
1368
1634
1412
1154
1989
923
987
548
1311
815
600
1211
1583
1942
1547
1200
899
307
423
1401
1913
1271
1783
433
1368
631
51
1641
866
178
1871
782
1176
480
1308
734
963
804
668
536
1536
481
1923
1848
549
447
505
494
480
857
1652
1235
388
1617
1972
298
1707
478
834
645
869
655
198
1343
99
402
999
551
840
1194
99
1774
1717
171
355
27
1180
1416
1518
428
1933
969
125
357
677
1761
86
711
1282
1656
90
1582
103
593
545
1827
1211
1005
1474
225
1769
1060
11
326
525
78
1365
57
1000
962
558
1181
575
1840
13
1130
738
743
43
1375
1110
1531
1583
494
400
734
1440
251
860
33
143
1421
1606
1821
1825
1260
263
125
1556
1485
1252
1459
407
1590
1950
841
492
961
1338
1705
1891
258
1394
161
208
263
1031
964
892
1597
1058
1338
967
666
518
1948
529
1580
995
642
1233
14
126
1841
1813
1664
1828
1359
1555
1388
398
905
1578
4
1112
867
117
884
1680
1237
1484
1872
651
1492
1746
867
1044
1306
939
367
453
824
31
1502
125
864
1086
1221
873
163
568
147
1460
693
1305
964
766
654
207
741
755
964
1592
1383
1700
1025
1711
931
530
1259
1126
1083
787
841
275
585
15
1866
1219
1784
842
801
1108
1193
1013
1175
266
1524
1303
703
626
549
300
669
1667
468
139
990
245
806
183
1442
685
1133
1310
1306
1402
603
171
1267
533
1789
601
1431
661
730
1185
1811
530
1900
1478
9
1702
1392
1125
676
666
155
917
1315
1144
805
1870
722
1896
61
883
1402
1406
1021
1225
1493
1603
674
1129
1711
1179
1017
1707
1368
213
1004
39
886
1815
90
1891
361
740
411
192
866
556
202
998
479
700
1117
1097
843
771
762
562
360
255
32
1507
1010
1445
1523
538
388
129
851
1405
1955
1104
88
1165
557
1085
887
235
760
1530
1837
1386
1942
253
1293
774
1125
397
788
681
713
747
231
1003
1634
688
998
237
1152
1031
711
1727
689
914
477
1543
547
1051
1063
1747
1876
98
1958
1265
146
424
720
854
1517
1832
1260
1912
1511
1053
1701
1633
265
1522
1235
796
1683
77
193
1897
793
1065
1808
681
1328
1455
447
1111
911
1221
1088
1037
573
1759
1874
1613
1939
1049
226
1301
382
1714
1886
207
593
1599
884
986
60
1146
1145
1484
154
1575
387
1062
1849
1973
1951
610
1508
413
1723
1316
205
1161
1927
1690
1507
1407
494
80
925
235
324
840
1333
1947
560
1063
1862
334
1579
206
1768
1045
1949
1513
1446
6
412
521
160
1471
1646
687
273
1332
1661
1348
279
758
1357
1032
1957
536
1734
748
274
166
1478
745
762
605
590
520
927
1976
771
1887
335
1851
1509
1714
1205
215
911
1310
116
43
580
1863
1029
1751
757
1770
1070
1786
206
425
1404
723
3
769
641
787
363
419
1188
1189
345
1867
113
404
1017
1519
293
1863
844
113
1349
560
1561
1926
1377
997
199
576
1077
23
566
1180
345
341
1353
1140
1104
1935
1257
650
1043
1730
1989
1677
695
1499
1879
1337
963
573
1191
673
1920
885
1924
1353
1413
1916
1880
1668
311
1661
929
598
1047
1664
1079
520
709
374
702
380
1672
769
19
619
1674
563
1563
1064
308
1051
567
1430
1469
900
365
272
546
1272
1613
1336
574
285
492
1384
144
998
1972
1810
1151
1534
1494
1391
1355
565
1164
1238
1629
32
429
1976
1635
1265
1365
1617
560
1330
59
1089
1058
1747
376
1863
1953
663
1248
1055
919
718
669
167
781
479
973
1401
275
1653
1861
1658
970
1320
913
837
69
1854
87
953
772
1069
1997
1805
30
1562
971
781
1647
1749
1997
392
1740
615
823
1633
737
853
183
1335
1463
602
676
1469
1971
1398
180
942
1271
1051
283
552
1975
1590
1867
697
419
1361
711
877
1818
1668
783
1468
582
585
594
50
1836
1373
469
995
1582
761
438
1446
1546
1387
1240
1525
1023
659
3
1162
344
390
301
1011
35
943
93
885
328
1145
1637
171
466
493
704
819
229
815
1352
1087
715
1324
1358
264
880
1875
1141
1156
1530
494
1388
590
1142
1270
798
498
1871
898
1064
1270
1337
879
346
1389
1850
742
1278
1780
966
1260
931
219
227
216
892
1878
1268
1860
126
614
1900
21
336
1511
1668
1212
1036
1886
1483
1403
1490
1748
1929
1964
1838
567
118
1642
360
70
1543
1082
664
1157
1710
1285
841
1092
365
473
411
520
1886
1284
1659
778
337
1481
1746
712
358
1993
1919
312
1858
850
447
273
521
1089
165
1197
59
910
665
1888
607
857
1323
763
273
194
611
1648
1255
412
1961
876
1671
1079
51
14
1573
895
578
1727
1313
570
1290
528
350
738
1076
1853
1499
296
6
255
1834
1345
228
1921
239
985
723
941
118
661
530
492
1896
65
1813
737
1326
1908
189
1371
825
224
984
924
1755
1321
556
1315
1291
1795
1765
671
855
1608
1847
1734
1000
1169
1850
333
749
519
1661
141
563
1111
1238
820
517
834
765
193
263
1220
1313
1682
1000
615
340
98
452
734
1136
1140
1558
1181
222
1282
145
732
575
1483
134
1515
482
462
24
265
419
429
1812
556
195
1566
1336
1226
688
1381
468
617
715
434
1355
1473
21
712
480
1856
1526
759
1372
1398
1181
1925
1563
1077
189
1773
515
928
662
1514
1606
1607
1754
175
1336
1005
672
1178
704
414
525
198
301
643
1189
308
126
16
1549
1365
242
1439
324
241
1363
290
116
270
30
379
142
76
616
1032
788
1991
880
303
1557
1483
176
941
586
814
861
1743
1415
29
50
474
1197
1853
669
887
199
1431
1444
1565
1885
96
1601
934
559
90
1576
1799
1552
1675
689
383
757
513
43
587
481
406
697
1075
249
386
978
815
1470
600
1615
1828
1531
669
1439
68
1232
225
102
111
53
1911
1051
1513
1180
1478
639
1697
988
230
1625
1334
764
1438
838
112
1170
598
820
1173
632
295
1984
215
669
76
1845
747
1979
1087
1127
376
431
971
440
1874
556
1907
1630
700
44
683
769
187
1939
381
330
1015
1017
103
735
1170
1990
871
1392
33
306
1800
93
59
1149
681
439
1808
1367
744
803
410
476
1769
1843
1564
484
1168
404
255
1376
1822
1502
1646
451
774
838
1872
212
1063
1243
561
396
817
726
324
1788
881
1341
421
943
100
992
540
1369
1496
784
1118
1465
1224