1163
142
749
68
813
1316
1151
1952
884
1556
1139
43
1025
816
440
461
878
1840
639
569
728
999
1628
470
45
603
597
1652
273
1630
1723
1106
38
1016
1428
1396
1787
1403
1875
22
1640
69
1033
1307
1509
560
1207
1778
1287
1573
983
807
1755
1417
1653
22
192
1087
1713
529
1552
1276
1451
1790
1536
414
87
308
1437
258
442
908
931
180
1014
154
334
1496
670
611
1638
1965
1938
1154
467
585
1348
1148
400
1917
673
300
657
227
1544
1586
1175
159
386
1551
707
1678
268
1397
381
794
678
1846
1677
1260
1731
433
130
1357
1071
1035
512
1706
1647
34
950
1889
918
1700
1072
869
49
1009
1753
1817
571
266
1
636
1061
1659
1348
1827
1513
338
1929
697
1197
1463
1742
667
927
334
933
913
256
1280
1793
855
352
590
118
121
54
1101
1127
610
1510
1343
1880
971
1037
1579
1143
1533
1841
421
1217
932
1234
407
1356
35
454
1829
1537
1067
137
400
25
1934
1665
891
1981
1589
978
262
425
1663
648
1478
320
1463
108
1429
244
1969
1187
540
865
1862
1016
129
1319
899
295
1551
1063
176
1801
1737
113
1281
1779
696
1334
909
894
35
1723
1876
958
1140
1986
809
440
1733
1379
343
19
339
413
1804
1419
264
851
1323
645
1195
422
380
417
1427
506
541
964
442
710
1276
1500
985
1235
639
605
284
1689
577
1818
227
1228
568
1017
1078
105
875
438
1837
1383
232
720
613
605
1123
1593
940
1583
838
1480
716
1900
1501
40
1511
1824
696
143
1711
189
1100
1832
1045
104
882
1383
523
1792
920
465
392
1700
1484
1325
215
1673
910
1302
1809
222
1208
33
183
1812
1096
1289
472
1242
158
1292
353
1238
1941
1339
664
916
50
1047
1979
1447
794
1182
1147
1016
292
582
1003
284
813
1187
1619
942
1349
1515
365
1240
1540
843
878
978
434
1666
1004
206
729
1642
246
1299
1474
1422
211
1918
848
1121
198
967
308
617
262
688
1327
1033
1594
1154
134
497
1818
1780
1980
648
1975
1228
1305
1203
1596
1221
755
350
120
305
767
27
1931
637
1912
58
795
556
724
1561
892
115
96
1062
1534
1230
1865
1564
1510
653
1044
1292
1023
1325
463
1966
172
826
1971
971
1224
23
1538
1484
435
795
526
158
441
970
1031
1679
827
805
1906
671
268
1391
1846
976
1012
10
377
1560
1222
1585
1676
1375
163
1613
270
1140
1150
33
1870
1230
1338
844
1406
942
818
1978
971
235
1717
684
633
756
1740
1063
51
497
1448
865
523
379
429
990
67
746
714
550
529
1490
264
1607
609
686
1319
78
1545
1381
1855
125
1375
1452
1694
1108
1685
98
1518
1352
1749
662
1037
908
360
1695
93
1048
466
1807
1083
198
1715
86
285
435
1555
716
51
1668
727
1578
1760
1354
1091
1798
199
182
69
649
333
1997
831
1509
1387
1542
1825
622
410
146
1175
1085
1289
1197
901
326
1530
1967
287
1656
1763
141
956
1478
1468
1633
1067
1122
694
1102
43
1474
1668
1673
67
1825
190
1702
1045
33
259
1187
1444
75
353
465
1431
1542
1179
1746
908
1968
520
1382
1194
559
559
1368
1623
153
739
1613
1917
1988
852
867
677
910
1540
1512
1985
407
751
1418
327
648
1619
438
657
924
705
148
1011
549
1136
56
1228
848
1291
613
582
862
1101
245
261
458
214
187
378
1367
1083
1043
1884
1276
1438
849
497
1872
1605
1524
124
1814
1312
1896
1091
611
178
844
736
1706
1968
108
715
1999
831
762
210
1180
293
754
1873
1401
486
1485
654
740
986
402
576
586
860
957
1864
1673
580
1917
1447
1730
1047
106
1921
1345
131
1959
590
1900
347
2
1757
1702
673
197
1257
801
1857
1762
1239
1788
419
517
9
181
1192
599
1551
1285
360
567
272
1127
289
1713
61
1701
466
1510
113
1416
369
1990
1034
1077
544
757
1025
1031
938
309
431
1291
1213
365
1736
1056
1950
571
1899
1216
1553
127
1183
1800
1020
1066
1598
1311
927
1115
1487
1029
242
537
1850
1179
1079
1875
512
1824
1115
1478
1369
280
1947
850
153
216
1945
1141
968
1290
437
1390
492
1268
1921
1453
1940
1525
1051
894
1277
615
887
1331
1645
639
1315
1011
315
611
211
1742
1358
1654
1893
1262
1027
1112
1975
1254
1705
981
40
488
1101
204
949
350
651
221
857
1438
1536
1855
1514
665
1762
1052
535
337
91
342
1852
218
1669
304
1712
1198
396
1596
1575
192
343
1206
651
535
1579
1234
1373
1395
1865
241
1214
980
1060
444
1497
517
399
1744
55
73
876
132
1959
1258
1313
656
951
33
401
1717
136
622
1654
1224
1830
1769
491
1917
905
1778
930
1171
24
1457
831
238
1193
10
1879
1383
544
1508
1317
568
1072
121
1355
1846
934
738
1835
24
1859
1387
1643
1716
222
1410
1104
1042
628
323
640
1343
1048
1216
1521
328
989
1530
602
1678
1360
657
1077
1676
486
39
1215
1078
453
1840
1872
978
1396
1034
571
19
586
1333
311
452
1756
1212
1294
139
438
1560
1259
142
1315
1040
1896
42
1458
798
1375
147
1517
102
1285
1002
1061
1477
550
477
1520
1921
333
758
194
1870
1606
1461
1590
1148
724
323
1773
1804
1518
724
993
1318
578
287
617
695
280
433
1112
103
835
1424
1759
1203
930
1631
645
753
277
1308
51
468
1958
1887
1963
134
391
847
1075
927
1252
1006
1584
1421
1139
315
1252
1852
1967
1447
376
1721
259
1487
96
1300
120
1840
344
177
610
1344
409
1950
80
984
1282
811
115
1261
430
1260
790
1593
1759
1561
1405
842
1288
157
762
876
814
548
463
1476
1759
1545
72
1109
1177
493
797
1614
604
980
1563
900
1667
1354
174
1962
1133
416
192
126
52
669
1114
1692
1254
1200
422
508
1304
658
1047
250
906
1986
799
124
586
1105
1481
637
988
1258
1507
1388
274
1814
758
1060
1978
1917
1636
848
1636
889
761
1415
478
352
477
568
82
1103
1885
1576
483
1392
31
1538
664
645
1531
769
438
1127
442
326
800
41
847
7
90
379
403
1201
464
1134
1102
677
1980
297
1703
1575
1049
38
527
1998
1422
437
1284
243
1114
1576
830
168
1175
1279
251
1731
976
553
623
1334
1001
889
652
1132
31
1106
1872
964
657
1607
287
158
891
932
1474
1399
1067
413
314
805
876
1951
1854
617
1726
1121
1089
1685
1576
1073
4
741
873
1267
294
1131
807
108
272
782
916
664
1715
1215
395
288
1535
1306
685
114
841
922
1072
1657
1997
765
381
1985
1360
1870
1273
1298
766
56
1187
1463
1307
124
307
1512
992
769
577
373
1895
797
279
1083
62
1097
794
1522
326
937
1188
171
995
1554
268
1401
1662
1027
10
714
1947
290
1550
722
564
1087
815
1841
714
226
511
312
1627
1260
1319
1329
1095
572
195
1663
631
1198
938
1317
522
570
1383
1947
566
1708
1803
1676
1505
519
1895
1695
1685
1555
948
1703
1859
49
1459
933
1183
1969
1695
1954
690
555
633
673
1097
571
1832
1342
1571
367
282
112
1237
1180
751
46
319
1014
1575
1525
1869
1591
909
689
266
1123
416
237
1536
915
1452
214
879
1115
1712
1824
703
745
205
1316
438
1733
787
908
364
135
1570
1604
927
1705
1252
361
61
260
632
1464
1546
298
1592
331
1435
158
788
1632
1060
1895
634
1157
381
785
1998
688
1818
1396
60
963
1354
805
309
1123
1899
1919
1980
1673
1309
1739
1728
1524
331
159
1018
187
876
624
759
1992
1739
1896
509
97
1664
1378
1193
430
1071
112
863
382
656
1876
1695
514
755
1468
1565
24
444
135
1412
1752
555
1386
279
750
1672
1392
1390
1707
590
1302
598
1890
1562
1651
1473
1588
811
262
320
1634
62
1088
1647
1897
921
140
1045
392
598
1952
331
1555
683
949
201
121
1724
142
1766
788
881
702
65
1452
707
1283
1544
1355
972
1625
152
57
868
287
1617
4
193
844
471
1913
743
983
536
1153
1041
1958
1322
1693
175
846
83
1205
1463
1366
123
1354
615
697
1453
215
505
878
1175
615
871
621
1832
1317
354
1291
71
1566
4
770
1345
79
870
349
1167
383
768
1765
4
1361
566
1643
589
781
1903
1671
1781
1866
259
697
1428
1251
1668
442
639
439
57
1361
573
62
569
227
144
1163
22
1688
133
969
325
844
1727
1313
1925
792
824
1559
1805
1339
343
640
543
462
1405
619
1948
1725
1240
1759
615
1253
1268
603
1166
216
1597
1751
1296
111
1878
116
499
751
828
331
1884
257
1511
1281
614
232
1912
1649
305
786
926
1476
1752
1948
1448
1246
1685
757
1798
1578
1818
843
142
1816
1226
1501
1161
1990
332
1418
334
159
1269
1103
1545
110
94
1166
1524
371
1072
1148
1210
82
541
358
1056
1471
1836
62
1649
1695
940
741
152
340
1344
1181
1336
901
1584
912
1789
146
1271
1618
643
1073
1733
1069
1588
1173
1764
887
187
1859
838
1054
1382
110
681
1586
14
109
549
715
1563
378
813
1388
1659
1093
1825
1836
1238
1821
1788
691
1993
1781
728
1566
657
314
1479
1264
1200
482
565
1598
1174
604
593
451
1011
1131
138
328
1022
1084
1021
244
312
819
1388
1562
1273
1164
1950
1060
577
393
431
876
1134
1832
633
563
1238
441
345
33
1033
5
1113
1112
148
794
1545
1146
807
1047
785
135
1558
1529
1138
1229
1178
1234
480
1583
1412
1476
277
11
1478
1622
1130
112
647
1868
1706
1374
335
1360
160
1123
919
1331
869
62
885
935
21
1188
604
1652
1832
535
593
185
1452
1435
1242
753
1262
1035
1301
1743
663
1116
58
442
1572
582
115
1398
1277
1296
1766
329
1334
767
1387
609
1300
720
1826
778
1357
1506
399
1357
1583
1453
351
207
1636
1961
1504
1820
1218
919
92
1200
1563
1637
447
1466
1356
1945
824
103
631
630
986
112
190
479
1565
1738
1248
666
543
64
1739
496
1971
256
1066
758
1568
1829
723
1823
239
70
1810
1862
1180
113
1765
1700
1138
922
136
767
1481
1045
994
1661
34
529
284
66
579
1788
327
1978
263
935
741
1316
1748
590
546
162
373
1521
1820
1290
1035
1404
91
1781
1346
330
1006
1064
1249
1930
1139
1156
1875
124
1318
199
1218
1609
65
1044
596
1322
1196
124
1783
1907
362
148
1977
856
1518
1847
1745
1927
594
1421
1803
1749
1658
71
1813
1256
1146
1477
1017
1730
281
1315
1186
1027
490
1948
1833
1305
222
1030
963
137
778
1611
1574
240
824
1597
506
1175
74
1364
1654
1400
704
979
569
532
1530
1169
1078
1982
1539
1173
1582
1098
153
949
1700
807
474
1083
738
1518
1539
693
1935
712
387
183
627
1917
1277
417
667
687
1790
1009
1125
1579
702
441
1646
153
165
620
1711
949
649
921
1349
1149
1686
152
520
1376
865
648
93
621
854
1232
487
1690
1766
1857
1126
606
1541
1015
1226
1374
168
1429
597
467
635
565
502
248
1337
557
496
1138
103
1647
74
535
605
1325
1252
1425
552
1993
601
1003
265
1796
476
135
732
1979
425
576
1010
1262
787
1360
261
141
91
1108
1782
1172
1064
1289
816
523
1219
1266
1519
468
578
46
583
709
1300
1216
1513
1769
1792
157
1052
91
1594
630
472
535
285
388
1667
1491
1488
532
227
98
553
1315
1254
1149
401
819
569
1669
1515
1732
834
1486
140
1917
1375
521
1472
958
1743
646
1123
492
269
476
728
1377
79
1378
522
1714
1093
921
306
512
784
1930
1039
242
1830
914
1810
584
1565
112
427
1554
1394
1816
1218
1090
1507
1755
1788
1712
1367
816
96
477
28
764
1815
608
1735
295
620
837
421
1535
486
1773
596
382
1449
1914
1803
1402
1627
1733
1777
461
1253
488
886
1566
1432
490
1476
1816
1685
1943
286
1714
1525
1521
919
769
215
911
295
588
761
1850
387
1311
789
387
64
1604
627
1494
1182
593
1632
1786
1180
1631
1111
1630
77
1697
229
303
1457
404
1477
1735
419
1458
1227
1026
1919
369
402
1319
1479
749
1953
71
657
1302
79
272
478
1719
1829
16
493
1220
1970
1959
1239
1897
748
456
1137
1121
563
1745
1692
1296
1448
534
244
302
1336
674
1236
1551
1466
1473
120
455
933
1798
1089
115
1589
1550
1019
52
1952
485
1803
897
126
199
737
1028
761
4
1436
691
1313
339
1243
850
1355
358
1775
320
196
1523
1789
496
1195
154
534
1693
1369
975
714
427
458
1530
793
1646
1051
206
97
1878
1230
1984
954
1966
1145
465
235
261
1484
277
375
793
672
918
206
341
1283
1576
745
614
1796
1449
814
373
104
1888
842
1193
1028
1792
372
188
114
96
1366
952
1855
823
1741
1421
1885
961
870
1025
1049
939
1918
1713
612
1441
1710
616
314
155
1497
1069
908
1585
438
614
1464
920
811
504
1163
1617
101
298
983
1784
627
566
130
122
1159
1674
695
697
84
783
1733
51
343
1662
26
934
1664
1801
1015
1678
1136
1548
626
216
1390
1484
794
694
109
750
734
569
1829
1321
852
1251
1201
1962
1529
1438
1762
22
1144
1944
1068
126
1130
457
882
198
255
1604
510
1000
1046
40
1755
921
1960
1139
1749
484
236
303
119
401
1737
1542
1864
162
140
1955
1044
1576
620
238
971
831
1832
319
408
301
1916
1498
413
1332
440
899
1881
1164
296
1260
369
166
428
1053
1334
918
431
441
1781
604
501
1794
240
1331
655
653
1651
1101
1290
1691
1190
662
423
1252
527
1952
323
1590
1849
933
1228
821
1939
1307
1543
831
299
989
1698
1356
892
995
313
1396
410
1355
250
1191
1546
1160
1368
855
554
1957
1930
1457
1450
1290
172
1056
1704
420
1654
413
951
600
690
1856
61
1441
753
1177
660
1730
1710
1097
87
1068
1651
1133
439
647
131
748
518
522
945
190
127
1633
137
596
1576
913
1821
1102
859
799
127
1433
1440
1483
1379
521
20
701
1793
1487
588
369
326
152
874
544
475
294
942
1458
783
313
284
1810
705
319
1744
1608
1469
985
804
1726
362
1852
1645
1374
939
1776
1965
65
1650
1319
897
1148
1596
1266
1580
120
779
841
1329
1269
1771
1224
1231
1755
1534
1501
232
409
233
1683
764
909
148
51
1923
317
1868
474
152
1346
169
125
1391
5
314
550
631
1429
1144
1031
1155
10
705
1090
185
545
1182
10
62
754
332
613
540
615
1169
1078
1582
746
1505
1306
1104
1702
851
1149
1537
1080
1969
212
603
760
946
446
642
454
44
31
1568
38
1806
394
1219
1046
1414
707
1518
1012
1532
726
1851
1803
1104
1043
359
1218
1456
1752
947
1505
363
43
259
1721
1594
376
343
1352
800
1872
953
805
381
675
882
276
1961
880
1608
1636
464
1283
516
249
815
136
220
1060
424
52
1989
1490
1965
1903
944
1976
1706
619
1904
228
235
2
607
739
241
1424
1916
645
1578
1343
220
1448
1766
1
204
741
1830
1998
341
346
207
1213
824
512
404
376
1768
1263
1245
1317
355
1252
1753
357
1292
1769
502
1173
974
1679
104
1479
1110
859
1560
794
715
1319
789
357
109
495
1804
1965
969
290
1024
1988
1526
1933
1860
473
196
820
263
1510
697
900
399
1474
407
1537
483
1228
692
1446
235
362
388
722
809
452
1339
1915
864
1608
1597
1991
424
659
1525
1514
1923
1140
1218
731
688
1200
1052
970
1312
77
380
1858
1166
31
588
91
1590
1423
1073
1174
422
828
1032
1677
1320
963
1706
964
545
1463
1939
752
478
486
38
1966
1606
1127
778
1306
1988
1428
205
895
1386
666
1844
1265
1865
852
601
1779
35
297
1919
1429
613
1657
1616
1819
1286
1258
237
1838
1248
516
1903
93
42
177
1036
1758
805
1123
1197
151
783
710
490
217
225
535
533
1873
373
1015
296
1842
1859
274
1744
25
1445
1758
775
493
224
1694
1320
1560
718
369
21
172
659
602
1014
774
1875
320
1560
355
1611
1125
941
720
744
766
513
1945
1322
1011
397
209
1777
726
908
130
1702
559
1824
120
1232
1128
1337
671
76
572
1863
1600
663
1475
1135
33
852
59
1569
1962
1380
1560
1196
570
1493
1388
886
839
302
1081
393
1499
1432
1409
1473
1314
1783
983
684
1926
250
418
310
1616
135
982
1197
731
1378
1714
1802
1903
1801
14
84
1742
889
886
662
1880
1426
1878
1062
44
1641
575
1735
1721
1102
915
1701
696
477
102
270
1157
1809
1543
1409
845
1916
1512
733
1102
443
512
1471
632
845
1497
707
893
68
1457
1243
252
431
617
62
403
135
1
1273
1606
789
526
568
1428
389
1161
495
1872
1130
1760
1986
1893
957
250
129
774
1117
1845
1869
1650
368
787
1826
1069
903
572
1246
364
1855
1428
1665
993
1927
1687
228
1873
1377
615
1722
1897
1364
1127
300
1973
1631
1825
1368
607
1464
553
1231
590
1037
1478
1489
807
322
45
212
1864
1232
1267
14
430
163
323
184
269
144
538
81
1489
1890
443
1202
873
348
390
379
1860
982
1593
370
456
1700
989
1972
345
1901
765
896
720
289
1634
364
1666
813
843
1067
861
5
1330
514
1184
716
1097
1562
1118
604
922
1842
1773
1759
1941
1505
32
1985
912
1041
178
1571
1436
1091
1489
1375
1223
165
755
810
1375
811
1109
1237
835
1690
1104
1627
631
1719
435
231
172
310
1605
1929
394
1557
53
228
374
1851
1100
63
1754
1901
966
866
1240
461
1402
1962
328
1262
1284
1274
1975
774
524
916
229
717
1571
611
1462
1291
1679
1042
763
1239
1210
1072
1461
753
244
734
1622
1796
694
32
58
1700
1880
1526
1932
986
1110
1305
1947
1808
51
1149
1459
304
99
1070
80
1000
421
952
1309
98
1717
80
1282
1013
1155
1759
369
403
264
1645
1471
1787
320
845
1258
1194
592
1565
764
1970
411
1560
1691
923
1359
1595
472
1505
1841
1990
1766
1007
12
31
192
1574
1108
1440
457
26
241
1266
31
1881
2000
757
1791
1181
1671
965
119
921
638
1821
1796
1303
493
469
1097
786
1510
786
531
694
1869
748
966
477
1063
421
591
1064
1016
999
1823
1461
1800
1610
896
471
135
569
864
911
1959
1854
1196
1168
227
799
1886
429
341
694
1241
872
832
571
1811
1366
209
167
27
1838
736
845
1152
373
45
1317
918
400
394
1388
1495
1087
1052
814
1114
1462
588
1570
152
944
799
1823
857
1891
810
485
1746
988
848
1105
498
515
420
1162
1671
1706
1288
1971
1958
1366
1571
698
1562
93
706
714
260
1965
832
813
1566
867
1153
1301
67
809
1918
1192
1867
1875
1512
1078
1649
22
1494
207
97
372
946
20
1717
947
300
491
114
411
931
922
703
883
659
1145
1985
1436
722
1146
761
745
849
1487
721
1253
1706
241
349
1902
1956
505
570
1677
1605
740
726
544
519
1989
93
1353
1004
227
923
1438
1922
1058
1871
1980
932
728
181
1689
828
1515
1109
953
534
271
156
1694
675
1348
209
1175
230
499
829
1431
1740
1631
465
693
1922
603
309
1489
566
658
3
1128
889
323
1407
1089
510
787
490
1166
106
1205
80
1725
687
225
1187
1261
1563
1474
1584
1298
1824
1213
1473
1427
1380
1840
1940
658
190
1614
1366
347
963
1879
277
1320
389
1253
1242
882
1318
895
1704
1415
858
1241
1283
1776
1988
1457
1012
98
217
1717
1832
1344
925
1923
160
772
33
1184
1137
25
1180
721
51
1958
265
1102
1727
1366
70
881
880
1533
2000
515
1772
100
664
1460
998
1094
450
246
971
1749
1283
897
275
283
1966
1944
858
1513
1118
1514
1952
84
703
954
350
712
1777
139
186
412
1231
547
1496
612
1531
506
1343
264
1885
890
716
340
999
905
133
1776
1816
1566
944
1593
1752
1345
141
249
851
1566
1179
945
68
361
1864
1182
1013
437
1905
725
918
1662
1582
883
1249
1912
1327
533
1447
1123
1946
602
995
568
149
223
151
1993
1200
1578
1723
1655
1874
72
280
1451
1745
749
433
1153
52
88
1867
804
1570
486
1218
1787
1259
1849
1992
301
50
1823
296
180
1432
351
320
958
1898
1483
1345
141
613
1874
1714
1782
1178
326
353
1496
1891
1316
1088
1196
470
1640
1577
1179
873
1100
706
1992
730
1933
50
1556
881
1261
629
1844
447
749
617
76
1211
1672
1177
727
280
234
1963
1084
174
513
420
630
1808
1042
325
288
129
1710
1949
1859
820
1804
969
940
336
166
1267
622
933
423
3
1596
737
31
1430
438
1378
493
533
265
689
1509
1779
1421
493
903
1863
1232
517
1263
1392
808
387
615
1386
1261
500
87
1063
353
1044
1743
1228
543
1710
315
519
1342
452
1652
649
977
1528
1476
1273
499
1469
680
606
255
21
1850
1821
765
1403
1345
256
402
1806
1784
756
501
1206
1251
40
1640
1036
1819
238
1893
1855
190
831
646
1693
1896
1459
1368
1283
632
1465
316
1521
184
1936
1218
1790
389
1977
483
447
804
1562
1679
819
805
1544
499
1732
1365
1955
372
433
626
1505
736
1209
767
1101
771
1331
30
1627
700
1432
1918
1015
1333
859
1699
1309
1009
738
1371
199
96
1739
1304
1221
844
1008
329
187
1371
286
1058
8
851
449
1320
1007
1201
401
275
48
1880
1392
1109
591
86
1708
1194
38
1867
20
1282
1578
1054
583
1257
851
1093
382
1489
426
201
1793
1645
1766
177
1401
341
1667
1457
1552
1527
115
1220
1797
1033
1013
512
1944
1163
1937
83
378
1040
1282
682
1297
711
1701
1086
1347
514
243
82
1776
1507
1605
883
151
309
495
159
1707
315
1234
1057
383
1520
1230
305
910
1365
563
1250
1884
1134
1387
1958
1799
1297
1966
328
1020
1255
1601
836
110
1039
270
734
1394
260
1572
101
1632
1734
394
1215
1994
85
278
446
1167
1343
1447
1009
1290
73
388
1500
617
1499
1705
199
1196
1442
1138
471
1822
1902
1033
1415
1598
400
214
1238
45
76
231
1638
754
459
737
350
1550
661
632
1450
1170
1556
720
370
1148
967
844
635
1946
517
1135
705
625
19
1337
1772
843
1718
1896
753
407
359
613
1701
1052
1657
214
1235
1134
522
5
575
1643
1791
1992
17
1466
170
1267
1611
1660
1135
521
1570
339
549
10
796
54
1710
410
1721
113
448
91
1502
1397
1838
1818
1612
2000
1602
646
51
1466
946
786
1721
115
770
284
92
1396
1828
768
487
1815
1405
1792
1896
1874
1994
794
1320
1646
1245
1402
980
1018
1560
81
1803
1465
1232
1511
569
413
1305
1857
1610
701
541
1490
1446
1714
1838
539
1377
1236
144
377
672
623
841
176
1120
1336
231
632
1962
1772
46
1727
490
868
271
432
1550
175
801
1181
394
1394
1186
929
483
826
1541
71
1216
159
831
1971
1686
105
1456
230
971
1738
34
1638
1568
388
1826
1368
1777
1426
970
1667
182
51
672
974
451
1110
1363
1670
1792
876
800
881
620
894
1929
925
992
44
385
1797
779
205
700
358
499
1282
1952
1842
108
1807
380
1986
653
456
1888
1622
1849
1438
1759
1731
715
273
1612
1363
863
1895
1903
65
553
136
1654
793
1163
688
1943
1207
1336
1727
841
147
1743
1390
1683
1353
1403
1791
1175
651
1990
416
573
1667
1541
402
1530
1232
1929
1008
958
1172
1960
699
523
1180
1491
164
750
175
637
907
323
120
890
571
399
1020
39
1661
401
854
1467
1054
539
1536
1909
236
50
845
129
252
185
466
423
1220
790
1454
1923
1501
158
1736
726
1595
1573
663
1900
1657
1259
592
1235
1978
689
480
1
1819
1256
1573
1498
1234
367
1688
1432
1304
1226
1748
1586
1449
819
1996
1248
707
366
642
512
1883
1786
1977
1905
1749
325
294
1300
1581
145
490
22
466
510
1825
736
77
1302
1633
168
23
732
826
833
927
933
1097
1066
1016
1563
580
1102
1150
408
1111
429
1099
140
1721
417
478
762
575
1502
638
215
1613
505
1008
80
1249
775
617
665
1864
936
1
1452
799
46
1276
879
1184
1236
909
99
1440
1481
810
103
1897
1755
1656
898
1769
1708
1296
1014
153
725
463
1721
1269
1463
313
1900
801
1223
1597
1373
1
1006
1972
15
82
207
1207
93
844
712
1396
726
650
1355
1167
481
750
410
518
1695
855
1314
1063
1875
667
722
1493
1728
45
1700
1616
1086
868
1205
671
1557
194
904
1524
1252
3
35
914
444
743
883
122
729
754
603
1837
955
361
595
1659
1237
1328
1233
523
1745
11
731
1184
1850
917
849
1310
1529
760
909
1288
1471
1268
1566
69
202
84
322
1671
1119
345
1878
1085
1661
635
466
1404
1040
573
56
306
1568
1038
834
218
1263
254
1162
370
990
671
414
211
308
1747
1449
8
1621
492
1772
1679
712
631
309
777
611
1643
560
1703
391
711
692
1172
913
77
761
1093
137
427
1544
1261
1618
43
24
798
420
1176
1646
1499
1859
1050
1078
1335
1743
363
1399
378
400
1542
1060
10
1911
1755
1745
989
1063
65
1501
1517
1168
741
984
1055
898
285
1306
1350
1500
612
1609
600
549
541
1527
638
715
1351
68
301
844
426
1521
1287
1680
416
877
1465
210
890
982
1389
1862
311
106
1218
486
1117
1358
934
1317
1617
1713
1422
527
593
372
1199
1557
192
820
1263
1531
1032
94
882
1563
1983
1699
120
1534
1450
1510
403
648
1195
1955
903
993
1944
1527
1960
406
64
317
1440
1555
1290
677
1310
92
1735
206
1894
759
270
626
1798
1562
387
348
1787
1542
1585
428
387
1294
223
1012
1370
315
747
1617
1819
322
1476
1112
376
1381
600
1265
472
979
1517
1241
496
1307
662
239
1314
1895
1683
293
1375
1329
1021
870
768
1685
502
583
1122
1254
900
1729
1908
1634
1441
245
166
1679
702
1812
1156
103
432
294
833
1756
186
1860
1872
531
72
933
1169
1454
667
128
1784
1658
746
1531
875
1037
1121
492
257
1221
1228
470
1716
231
1766
778
600
1506
531
1052
459
113
1656
232
1084
1250
1
328
20
1507
1408
713
1341
182
1646
847
204
196
213
1238
402
847
1619
658
547
1638
413
1310
1153
1128
630
292
261
1686
950
464
1563
1365
323
283
1338
1318
1288
374
1645
1228
1865
1323
499
94
75
1437
487
292
88
1618
1682
460
1496
564
677
659
134
155
990
753
834
1240
1328
1272
681
1490
1392
1174
1766
1915
1721
641
1328
1812
1371
1999
999
546
1387
1991
421
832
325
500
788
681
1858
906
1054
1003
1621
1610
236
1237
1546
570
539
933
743
959
877
511
283
533
697
506
36
902
1810
1315
287
517
1583
1455
1647
1873
383
1054
562
817
480
716
329
6
814
560
355
1172
1444
1443
1018
652
910
594
1367
1850
584
952
784
638
801
1756
1907
9
1203
1572
1278
235
1422
196
1170
1696
462
392
76
1656
57
735
350
1009
992
1730
1143
343
1817
1328
1006
1645
576
1762
1063
186
968
644
1087
1914
736
53
1480
650
1331
996
1716
1498
796
1029
1168
1017
1468
1458
389
910
1038
299
1564
331
991
519
1244
915
511
1069
184
1124
1705
1455
1078
1344
1722
1104
1822
1114
1717
906
322
475
1224
868
1215
474
1868
1407
1352
788
1296
899
1980
188
937
1388
1884
1264
1235
1288
304
490
1101
483
1009
1603
1328
74
417
807
1837
1216
437
698
536
771
1757
1111
650
1298
1221
178
734
1880
1846
522
530
1561
804
1773
905
994
746
764
917
1436
1460
673
929
756
128
1966
1193
901
1945
1378
976
715
863
413
1090
1916
375
1541
1675
1817
1262
1188
1546
547
17
537
1068
451
1825
226
533
960
1322
1672
1270
1614
1145
984
1604
883
98
1975
1499
1158
669
1187
1804
1686
1737
208
1575
812
614
54
1421
1688
100
492
1901
221
1916
691
1761
553
1429
100
215
1718
849
1126
1466
1922
119
240
262
1606
321
1052
1418
1981
1221
584
1102
1082
1802
142
1968
1812
1878
1344
1454
187
271
1622
1691
206
1512
643
477
1680
843
1320
72
1482
1996
769
1059
1569
325
1803
621
1359
919
1329
1366
485
1088
329
1814
1146
1691
1952
1593
1109
1747
536
1883
1981
1835
75
1172
843
92
1851
1503
121
1445
573
1929
299
1195
931
823
1761
450
1086
1896
1307
69
778
1748
777
1494
1483
460
1848
345
1661
822
1541
681
1783
1711
264
1365
300
821
1100
1104
1546
1482
1816
928
802
1888
192
1118
635
1890
1238
929
1759
1466
1179
202
44
169
911
377
151
659
455
675
1105
1937
455
801
1982
925
1970
997
1977
1077
266
679
1459
832
1850
141
759
1131
1514
1468
763
1810
387
1781
517
828
7
1092
691
1292
1865
1176
522
1800
35
456
1434
200
1435
480
826
579
304
620
1267
46
1249
401
795
932
1597
443
765
1814
248
91
1380
597
1994
368
1111
1183
999
926
306
518
1445
1993
1111
1288
1362
1906
733
939
258
160
1089
1345
1688
1197
125
1476
308
171
99
161
427
778
576
300
1268
228
1469
1781
886
817
828
1758
1055
256
424
337
710
730
1104
263
1421
710
1295
851
1515
486
377
306
1983
1950
1845
903
404
752
1487
1803
1721
1947
304
247
388
516
1457
447
1195
349
1151
918
1766
14
735
326
153
1803
856
1093
175
1178
816
1226
81
96
915
1640
1398
1100
402
1276
91
1442
849
1032
1823
1500
1925
1515
877
911
1024
468
880
289
1047
808
110
729
198
1220
447
1162
662
1493
1564
239
862
291
200
1028
371
1451
78
351
1698
1660
408
976
1071
392
1829
566
1903
1367
1236
1098
1556
467
234
707
200
762
1956
1229
1152
900
892
815
1798
833
1361
72
357
188
251
378
931
344
1043
1351
1738
1514
1969
440
346
1846
1798
755
275
285
14
1616
1650
1830
698
914
1292
1348
1952
1227
1856
1857
1996
537
1893
225
1740
220
1797
1271
1202
937
1028
1090
1381
1127
408
751
1262
1031
258
1660
1679
647
317
1715
635
540
1722
1603
525
1798
252
1714
1650
908
257
165
349
1455
974
1014
1840
431
272
884
445
473
551
277
353
745
1974
1718
1468
1180
478
485
38
1633
1426
1550
592
1597
1018
236
1753
411
584
582
1751
322
1446
1612
1484
1585
1396
1557
731
1820
1107
1713
1916
1611
836
1206
1047
1217
352
1037
994
1693
1146
353
260
1315
427
891
1491
1332
599
1546
711
181
1455
1434
163
1474
168
1784
1777
1139
1695
254
410
99
1385
587
1496
1070
656
1843
1657
1046
246
185
1346
1421
1962
1925
805
374
779
1771
1191
1257
1922
480
637
573
1837
1618
1955
347
1611
729
1124
577
1438
658
1354
1668
86
1929
265
274
1305
661
1956
1327
1832
289
209
1880
1470
47
217
215
564
1726
220
1149
1844
1957
1809
102
825
624
847
1830
570
1150
1614
1438
1803
111
1721
16
1436
1422
352
1740
314
1824
468
1373
1280
316
580
398
1864
1082
1906
435
1291
1573
801
1674
327
407
688
499
692
1973
1248
1193
1155
807
1091
1555
941
177
1868
88
1298
1467
187
1572
1850
1129
909
1588
568
1985
1972
1073
1789
472
958
1816
1328
872
1708
793
938
900
648
1742
1767
687
1908
620
1864
324
1906
1758
1015
37
1557
719
1698
867
1212
756
1443
633
1899
1700
1552
600
1746
751
1597
1634
1999
91
474
862
1695
773
246
1831
365
1182
1625
523
1972
883
451
370
1397
1751
1538
523
1972
89
689
1347
114
110
1130
1302
475
1254
1061
1029
1404
748
1229
615
186
1326
58
770
145
584
427
1444
1411
1431
723
1093
716
1882
890
222
1731
72
447
276
606
509
1463
1276
1951
663
842
961
1820
1145
850
909
1903
1166
783
1117
1974
1568
177
757
1540
399
707
436
7
384
901
1364
937
257
1608
152
247
1743
1371
1024
1233
1666
22
1045
768
118
1429
1557
1434
240
648
1733
1351
479
57
528
1498
862
1901
169
33
1230
428
1508
1425
814
486
1059
1585
1544
746
873
1974
1793
1471
442
139
178
525
303
729
1363
205
1775
935
1070
163
278
65
547
1522
1878
31
129
1335
1126
474
1786
924
1211
630
270
1857
1916
1979
446
736
1427
59
1193
696
890
293
354
1166
839
606
910
808
1785
842
1482
535
489
331
1215
1231
1856
1917
1604
1226
1777
1038
927
493
1516
1190
10
1307
1911
998
1210
1428
126
365
1757
1572
1878
601
1715
1636
1661
871
1082
1828
1196
14
545
275
1418
84
874
1361
1104
356
172
374
738
1863
1394
333
1548
827
1418
665
1103
1993
1335
1778
717
869
1467
1990
954
664
1211
1547
772
408
774
131
865
1380
1014
1434
603
1413
1831
1412
267
1331
752
1005
799
1921
232
1123
935
318
1051
640
1563
126
1245
1275
163
1693
1724
1518
1876
1296
1993
1473
115
19
1662
671
538
217
364
768
1675
1524
1975
1423
690
1076
1489
1859
257
442
657
677
1735
1352
34
1035
1025
793
1842
1984
1110
1142
465
1597
476
1147
1239
908
1509
1132
1556
1469
1931
1527
1134
1200
1183
1924
884
1385
472
1542
321
158
622
649
354
493
1984
1223
967
489
1948
1431
1397
350
941
1611
220
1591
1737
195
132
121
911
1759
696
874
263
1307
1075
1459
265
1789
916
202
803
1737
1915
43
1890
1844
1222
981
890
794
304
1741
972
1720
1457
1086
1262
539
1184
1733
1852
1903
134
1893
994
137
308
593
338
1471
1760
1703
1345
1597
201
1046
118
1628
692
1658
1450
675
423
680
919
1058
803
1504
54
750
374
744
662
38
1371
1345
1667
873
1272
1331
712
638
1380
53
1880
1254
271
1878
936
1867
1947
569
1078
26
315
704
1547
641
1107
761
1501
1971
895
150
201
673
585
1834
1010
1159
104
534
1566
1077
1880
1076
826
1929
1199
1883
1523
222
571
426
830
1004
1683
1560
1168
1038
599
1381
1256
1553
1736
53
1232
397
1730
1857
1695
78
1055
728
141
497
119
463
1871
1614
77
1937
1861
92
660
1434
63
486
614
1668
1044
231
279
810
319
1889
260
456
54
1782
1442
409
682
1193
1225
132
354
347
1713
1160
404
1351
199
9
1124
713
864
549
1012
526
12
1851
989
443
1771
241
1064
341
1932
1891
984
335
1422
1514
960
1674
1675
1141
1567
952
1556
1792
1913
263
1253
1500
382
888
584
873
1360
506
1745
1073
1825
932
747
1387
1514
1817
125
1567
336
1666
259
985
1679
1158
552
725
1069
1877
567
1280
76
1515
375
1020
1185
479
972
1842
726
128
1214
349
1263
714
1383
111
654
1226
1966
910
507
75
1130
92
1876
908
1740
1855
1364
715
1604
1153
1361
1165
1819
1797
913
365
656
48
15
1608
486
1586
1598
411
984
1701
1252
430
1946
1074
1670
1632
1110
858
585
1606
1978
1017
382
1083
498
784
414
1572
947
946
1437
257
1902
1470
1238
1124
456
1771
1029
838
1551
1395
1981
1186
313
262
341
133
751
1453
779
73
12
1313
1506
136
679
995
624
1345
1617
1354
1862
1278
1146
1982
110
171
1923
811
1371
813
1990
1676
492
833
740
1584
65
1593
69
37
895
1676
1592
1874
403
1726
512
120
1938
132
460
67
256
1361
57
1704
565
844
1307
1844
585
1934
1559
173
358
381
199
1820
97
1821
245
708
464
1122
1147
606
1547
28
535
1865
1677
46
1932
796
1031
1464
1107
1967
1069
1283
674
1965
1773
214
1241
1743
1178
1532
1496
253
1274
1808
668
982
451
1529
810
1921
1225
708
417
154
1171
528
1168
74
1794
351
1442
238
954
1486
1068
1271
1915
487
1258
1493
1706
1342
1938
6
160
1136
675
1215
249
1164
1737
262
728
179
366
1226
1854
1477
11
907
1106
722
51
1345
1355
757
869
1066
104
463
853
286
1977
1697
1857
1745
790
755
52
1550
705
397
1379
425
223
1885
1711
1726
252
459
1689
1614
553
623
762
837
132
1895
1581
1305
1951
262
1032
1064
264
1289
815
1384
1391
604
1665
1541
1974
1225
732
302
1952
1413
1534
355
482
1809
1468
1750
536
1704
1657
1760
108
503
1708
1906
264
602
104
1093
874
394
410
181
10
375
1303
1192
1885
1281
899
754
18
434
887
679
281
177
8
1596
588
1423
887
593
525
551
148
1585
601
101
673
1725
304
620
1062
1079
1589
122
1686
1863
1519
237
252
601
754
1313
1694
1558
1398
958
785
1099
1191
120
1839
966
148
686
1082
1211
1554
1323
1312
1156
575
1555
1044
942
248
1684
311
1534
97
1528
702
920
98
587
1491
1853
1506
291
694
1788
284
1703
956
1853
1083
1057
1685
360
553
313
1569
1228
1263
1463
237
1948
249
1804
159
1749
1210
1696
1431
1920
388
151
169
1923
1931
1865
1374
277
1296
815
1408
450
1992
203
1637
1372
791
1783
765
892
1745
1771
416
1592
1383
1241
810
293
93
492
346
521
1914
1218
1218
502
1571
23
247
1288
1803
771
1535
1777
152
706
1928
1122
1700
1704
1448
1892
1394
135
581
395
315
593
515
433
1053
642
570
153
1771
276
1333
3
1781
997
1875
34
1395
1557
1305
1104
1035
810
1082
548
311
1765
376
872
727
1763
1603
12
1180
814
62
865
827
1771
454
1950
1020
1644
408
384
1780
1466
1505
808
1444
834
1974
1079
848
142
1692
1315
735
1400
548
290
610
224
1967
1622
936
761
1385
210
57
399
528
1975
414
108
173
717
1670
59
266
373
1902
1994
1902
1919
454
521
768
1752
1919
1262
558
187
405
1488
1364
1059
1675
933
645
1175
1280
35
74
111
128
143
1930
167
911
1913
1018
421
1997
1940
1347
154
424
92
1012
1901
1156
879
1205
430
1346
648
1269
712
306
169
1478
1675
735
255
147
1785
470
1535
975
1593
618
1018
1615
1501
1724
1107
1592
1900
1492
124
381
1493
219
1954
1547
1989
635
1468
1632
831
894
1153
1526
1238
630
1604
1527
492
1015
295
260
1322
147
404
1702
1192
1355
1930
1611
1503
1597
548
826
547
430
570
1370
870
1120
402
1220
1578
123
1978
1244
1949
1710
79
891
647
310
1748
705
800
1823
797
950
1789
1376
1320
1550
1618
636
20
1829
196
1729
1916
1731
1348
1113
903
660
176
664
1696
164
280
575
1657
1110
641
1560
1755
1142
1119
1422
665
1876
235
1589
660
230
1100
1302
1227
1504
326
1547
1543
1710
1086
1189
527
992
1983
270
662
31
1621
1456
1603
801
1639
1385
1831
1284
1323
27
1728
377
530
363
1080
1038
1402
1570
512
1831
656
354
458
280
1150
1285
499
1181
722
1440
672
957
448
849
1244
183
299
300
178
1356
1106
1612
801
1148
544
1214
1827
1144
1971
37
922
1008
1429
1382
1986
538
1103
119
504
1077
976
609
282
685
1679
1260
493
958
1987
1454
59
1106
1278
757
511
1117
1510
193
835
994
1717
1191
1280
117
971
258
1346
1535
247
1437
1367
68
1860
1063
407
1141
1379
530
869
1563
1847
789
781
1333
1910
1838
737
1126
1601
1797
1849
827
407
401
6
1968
1841
1553
1589
1104
1423
126
124
1213
494
4
1533
851
1980
141
250
1937
1755
481
1032
158
1272
1233
1359
1680
1538
110
164
1087
645
489
45
342
1902
677
996
741
1323
932
1786
520
1361
1062
93
1357
597
211
936
1365
1560
1656
857
1009
1269
1454
826
713
644
925
1329
1292
688
1179
1694
356
594
92
1600
1593
792
640
1984
1102
30
1719
1188
1723
1555
210
789
1952
1021
787
1111
1951
896
1729
286
192
696
146
1089
1931
563
161
292
327
1078
938
531
1350
250
504
1179
703
1046
671
48
804
1010
260
1226
1927
180
618
1059
895
1880
1443
1476
1279
71
1284
638
203
162
1805
506
990
777
528
527
1400
114
1578
585
1679
970
467
442
629
1991
379
1701
1688
1057
1330
740
635
1621
206
426
893
774
1550
949
1594
50
1999
567
1536
71
1741
1486
219
1734
1644
8
1321
1265
421
870
1867
915
221
1360
1944
871
476
1775
1906
784
1527
201
448
205
43
1034
518
68
1500
1084
1764
1123
1938
1505
1899
1478
528
175
1372
1621
302
628
975
1408
1193
109
1943
1149
1149
1155
1202
273
70
828
546
1380
1972
494
1533
1334
1073
1802
1334
1087
179
56
1920
1465
1782
1791
1589
1071
685
562
949
18
850
1436
822
1210
1182
1958
552
86
1742
1776
744
298
339
326
1191
1703
89
1181
496
437
1457
367
214
907
388
744
368
1774
427
1086
331
897
1646
946
1760
1313
1096
1038
851
1625
1285
369
1996
977
1019
1529
1350
1451
445
767
693
1684
1951
565
1952
1205
374
927
249
1400
1517
960
1367
1437
426
281
962
1999
1762
78
1898
1786
425
1964
510
1254
1038
990
494
128
337
1330
1413
1717
540
45
1117
398
1841
551
458
1037
513
33
1953
1798
1919
1690
762
180
1466
1366
871
287
615
1361
1008
1470
1297
136
1990
363
921
1122
1313
1625
1553
594
361
1684
1309
1216
955
1224
757
1733
961
923
604
1110
1152
289
1443
401
560
1398
382
844
416
278
1628
657
962
134
165
635
630
677
1309
841
1665
1749
1100
677
1084
502
737
1700
1731
149
1890
31
159
1508
746
419
1673
1717
1546
697
1936
651
1129
443
1175
634
1410
144
183
370
386
313
545
366
71
142
45
1227
542
940
352
1623
39
1027
1836
1497
1560
731
1927
710
1748
1470
845
1029
672
230
1574
951
288
973
1814
880
1316
922
232
699
596
11
334
1750
1471
140
299
1880
1762
650
927
1436
857
1072
1901
997
1636
1472
317
1584
28
1447
985
675
1510
1413
886
1644
1633
1633
1003
328
1169
1819
580
709
660
1455
1397
558
1735
171
137
1937
1251
1541
291
628
2
1119
1845
891
699
1027
179
1528
777
296
771
546
599
24
478
924
282
752
906
1054
1103
665
430
299
1121
658
1308
1583
1622
1366
566
1042
1104
964
285
684
1730
494
373
1053
766
1689
1419
1371
620
29
648
1500
447
1911
32
1625
395
508
900
1166
1188
1935
953
1244
1235
1236
749
1390
610
758
1514
1015
1231
805
396
1009
941
279
936
960
85
183
637
1991
1237
1512
553
1068
46
1647
482
1305
1258
320
1515
664
473
1422
655
1031
865
1598
1086
1836
279
1804
553
1888
131
1102
25
281
1713
1278
1660
1399
280
1338
934
1852
1771
1414
1287
514
1408
1472
1528
790
125
1401
792
1672
489
1923
1814
638
1535
1511
1194
286
94
1726
1185
160
495
1694
145
1630
1769
741
1601
1622
358
1389
1322
1981
768
1462
153
150
1070
770
751
1946
1427
692
488
1512
1770
694
147
1106
834
449
957
999
1206
572
1080
1040
957
1162
782
1842
1353
583
1928
33
445
1658
1558
606
1730
1855
1503
885
1086
1751
1955
1192
1173
1767
1583
1025
1100
1280
663
658
297
1455
739
1213
14
278
1929
1441
1831
1456
996
1275
970
824
548
1770
1811
916
839
1104
1581
118
932
1550
1409
1353
1552
910
452
1873
1246
1467
1673
1190
790
1237
1355
35
1478
110
487
1459
873
3
439
777
1449
1535
482
71
1905
1061
321
726
556
1162
1282
238
63
962
309
1854
825
808
307
1751
1755
186
666
1387
342
692
731
684
1831
343
387
1933
923
1470
174
431
1142
648
1915
1181
241
554
292
1439
1511
1696
322
854
1604
413
1314
581
1372
618
1886
478
1398
280
891
1293
171
1025
499
751
1180
1991
77
532
605
413
1268
1432
1072
150
307
1368
668
1684
1896
1504
55
1489
674
1603
334
1274
287
1641
357
359
304
870
1761
1000
1137
176
888
1410
1964
717
231
521
1991
1675
1501
1530
1952
1768
1282
1810
1622
1213
1715
314
647
1013
787
562
1777
612
1655
367
1703
593
63
742
771
1714
1846
514
1157
655
950
1487
1342
128
1804
1442
887
345
832
2
1094
1129
131
774
1010
1738
1498
1492
1696
475
676
1929
288
208
1818
231
1489
1450
245
1970
417
500
973
586
1433
1149
1423
202
628
1857
1786
1198
994
1652
1632
283
1210
1582
1498
20
387
770
878
1785
1861
1205
1458
1789
724
408
1061
1855
420
1965
833
538
1462
1069
751
765
435
1691
144
726
220
1828
82
456
703
1782
968
419
637
1799
14
348
1536
352
1015
588
1747
1647
1998
750
1017
1497
800
1864
856
85
316
723
118
1687
1780
118
405
175
1147
874
178
1552
1468
291
1232
1597
1641
738
1620
122
182
1612
1094
1791
374
1665
126
1201
121
468
440
519
1199
1390
1845
1312
1268
804
716
908
1678
781
1780
1623
1645
1730
678
127
534
186
1343
1890
1313
833
484
702
1400
978
1641
660
189
1664
854
514
1212
1155
1923
127
1439
1805
391
1796
1644
1332
1314
1072
297
1231
748
878
1199
1756
232
1972
1715
884
1664
586
1022
1503
761
533
526
1166
887
893
1958
1583
423
1898
118
48
417
589
733
1701
1884
128
820
1895
446
96
15
440
1347
264
1409
770
725
1926
176
512
826
1408
1496
75
1563
634
829
176
699
259
609
1893
1541
1643
230
407
1186
22
544
1322
402
1372
215
894
255
1040
514
320
844
1118
602
1472
681
90
817
645
717
109
1498
160
586
834
1400
459
1598
1522
682
463
1418
813
1890
1308
207
1562
1395
216
413
1867
410
82
1085
9
1152
893
1694
1187
107
1376
258
1884
78
1411
1532
1403
790
1788
940
1232
262
1671
894
1844
1541
431
283
226
450
444
444
895
620
1637
1175
1743
1471
1405
1709
268
258
915
580
1342
464
419
1220
1225
1991
1980
1446
1657
732
293
1565
1293
1983
1551
1941
292
1437
575
1207
937
1138
1831
834
178
1535
745
978
586
1225
1699
1278
996
1844
695
45
97
1593
1942
1484
558
1429
197
1828
1570
304
843
1910
379
547
108
297
162
1424
141
1049
1557
143
1323
870
789
1209
1993
256
396
1776
121
167
1172
76
208
799
1076
432
772
1828
725
1084
366
684
1703
1929
1074
1776
1500
280
10
1583
1028
463
1408
1302
1737
696
662
588
27
560
1716
303
1105
122
1693
1926
603
467
1871
1685
1560
1016
1165
1173
842
1667
311
219
1047
1106
328
299
121
866
980
11
523
686
27
1402
1699
842
1622
1980
867
1925
871
415
405
1512
1889
1721
814
1903
939
1415
982
732
1228
1307
428
1118
1913
1768
1943
1264
812
888
14
670
1540
1293
897
1881
1958
985
884
1596
241
1655
1493
1174
606
1171
1150
413
115
460
1979
1613
86
1085
530
1019
1165
92
1752
968
389
1963
1806
1256
738
1857
1798
105
177
478
669
1709
31
517
1443
178
1725
334
904
568
1096
1943
298
1737
977
1182
7
972
1463
1074
1974
1004
100
221
943
331
912
1234
230
166
39
175
829
885
1713
482
1687
750
39
1493
329
40
1171
1599
1364
597
1071
350
1065
425
1369
777
460
1151
262
570
153
779
1741
1224
734
1291
1235
676
332
1890
1020
1908
940
1866
1584
989
28
481
876
1776
1827
1248
939
1649
726
1334
697
248
933
81
1094
1926
370
85
892
792
1941
1339
1461
220
990
1851
1345
847
638
1984
1509
652
757
1137
1465
820
1228
1945
1713
770
547
1669
985
942
291
201
606
1967
156
526
726
1287
193
50
624
1909
1811
1457
1312
1233
428
1416
375
1788
117
647
1707
244
1501
946
606
1205
425
1392
593
384
647
1867
1336
1503
1946
856
606
1710
795
1469
1283
1731
782
1988
630
81
692
1661
1644
656
1834
1259
144
1358
719
307
100
1628
1775
25
500
107
704
748
1401
883
1759
407
213
471
1221
1192
1071
1305
1518
612
589
1038
1441
1823
648
451
233
649
82
660
218
1171
1773
1798
1071
1511
834
49
401
454
1117
155
840
1156
1683
1349
1623
152
1143
212
1431
636
1378
1754
7
859
678
1572
1543
1317
782
476
246
419
1245
1185
1934
1030
1883
462
1119
169
1650
351
1128
1627
1899
1300
398
165
734
1969
561
456
272
1804
862
1123
29
955
1669
116
641
772
1454
1935
1941
1253
1704
578
755
461
1968
15
1387
759
1428
256
156
1137
1791
1222
1613
69
1238
723
281
257
73
804
1947
1781
1200
795
38
1545
1390
81
1469
1623
130
974
1988
780
1404
430
999
112
71
979
590
130
1401
632
1566
362
49
1553
826
962
494
746
1682
1761
485
1394
537
882
193
599
1929
834
1845
1254
1405
1110
764
908
1815
1358
235
740
1696
550
876
637
252
1281
1392
1861
1560
641
1214
283
12
842
1789
312
622
1922
1936
1710
1784
678
1750
539
1580
1119
125
1218
1518
1915
139
435
1496
1342
1134
297
1940
1985
607
108
1923
858
432
624
1870
1946
179
1932
1225
1603
1878
157
1901
485
435
219
1079
507
1671
198
1587
1123
2
1067
425
1174
925
1378
491
1875
1375
1862
836
1628
881
1525
18
1991
151
340
1029
1559
718
587
305
1811
546
684
100
410
1048
475
1185
1627
773
1566
1431
2000
41
1319
1066
1915
1391
936
594
842
793
207
957
1553
946
639
775
1413
1795
1511
272
235
191
545
100
331
1939
356
922
1447
984
1124
1511
1937
783
1304
104
1787
1777
1985
768
687
1417
1230
1701
1887
1969
1806
63
174
721
220
799
1476
1747
652
1809
1297
835
1660
1979
758
971
1234
816
1249
1214
1611
1182
546
930
865
719
1824
694
1077
412
997
327
1045
1430
595
1186
1689
1804
1560
438
1267
1426
7
1208
1885
175
452
1844
402
607
1359
431
916
1035
853
982
376
210
1882
258
669
1610
283
1089
1739
1885
917
527
369
1396
248
303
1405
803
499
589
1066
328
39
3
1002
1836
1892
687
1085
700
1007
180
555
757
1570
292
786
1857
498
1464
614
946
1317
1368
875
47
822
1681
1833
1160
1684
714
1703
1783
1257
799
502
1993
1275
1509
1760
927
550
949
60
458
1081
800
1511
1664
1120
1132
1197
1132
956
682
1624
1597
565
425
501
427
1108
1052
610
1668
160
802
1801
1750
451
469
1867
1301
561
236
1418
1153
256
330
1444
56
533
1924
50
1592
1569
195
1429
93
125
1579
1552
1975
1891
1466
1916
260
1337
761
1079
1875
1788
450
176
431
1362
866
971
1441
635
1673
1640
607
1629
53
1675
979
206
1158
304
1840
1454
292
416
985
584
1326
204
1540
590
323
513
1942
409
1811
323
943
1875
272
1571
1329
1463
352
737
1417
827
492
1765
1390
1361
62
1294
113
1476
1970
1406
1490
1159
1898
190
1831
980
667
1717
53
430
970
1798
1447
1740
814
190
59
1029
1002
1575
1633
1461
1543
666
1176
1612
325
1192
1895
872
523
1869
357
1985
1444
1059
561
251
266
1494
684
743
819
1668
1238
342
181
490
180
355
367
593
1257
1528
1026
1370
617
585
768
615
825
902
463
1837
1642
1904
1659
472
1206
1082
1559
1755
736
1634
1421
1394
474
272
591
254
770
1930
454
565
1452
291
1691
1531
1622
1800
1773
32
1112
1558
159
485
911
931
1779
539
250
473
514
160
1341
1050
1368
983
565
1049
1850
1506
994
1785
1834
911
653
674
514
470
720
567
1972
985
1382
309
887
322
803
1194
1690
1818
289
1121
777
606
1499
1951
714
1012
1591
1376
525
1253
573
262
1520
1283
1033
1394
886
353
1908
43
1146
1991
336
1011
819
1877
984
1406
728
700
1873
1449
1658
977
1136
1459
1335
499
601
961
1916
1293
1362
1885
1997
836
1532
895
1349
190
1371
570
469
519
1939
1572
1413
1965
1383
409
1028
944
939
1897
1188
321
1933
1210
1551
1169
1388
1657
439
501
1188
338
1326
1463
284
842
427
564
1371
1526
710
1196
345
497
106
334
1589
125
189
869
24
344
1963
1088
1831
1947
245
12
29
1947
721
889
863
411
942
1383
893
835
461
1721
1881
633
1942
1777
1645
1290
1670
95
1183
1985
513
213
486
646
1117
593
1418
872
1693
499
1643
1652
511
1468
1328
1572
1508
1995
1541
1763
702
1620
1941
475
846
1993
1224
37
1917
110
1938
833
1703
1775
964
181
983
1255
1211
1159
1346
782
80
177
1983
526
88
1477
708
1526
1569
57
1607
1828
1911
1874
1772
1673
1822
1137
1763
422
1572
840
1262
1991
286
738
34
1032
1236
295
215
1916
1802
1604
177
51
1670
295
1851
1867
215
1756
813
279
1594
266
977
1518
1914
1885
645
1849
1254
1290
1223
96
1354
1932
1849
833
644
249
1497
636
60
1460
1366
1029
1616
1791
1985
810
477
274
866
1681
1368
608
745
357
718
512
769
393
896
166
523
946
866
41
317
1324
1170
363
699
1255
1024
1684
205
1923
309
1470
1985
940
929
1221
1920
564
1867
511
1565
617
543
294
1967
126
1494
607
1373
1290
238
872
561
260
1089
663
129
176
819
1464
1690
817
1397
865
435
1438
822
1837
1290
767
712
335
1153
1383
1216
1893
1515
417
1226
1410
1708
983
1725
1367
244
1877
14
326
1263
412
1364
1101
1566
542
499
1871
300
447
1140
1338
572
1049
441
1132
730
981
879
1869
1890
1698
204
1651
576
1055
206
903
604
1233
718
1223
1707
1708
1094
1278
632
156
24
1275
963
93
1101
686
41
1290
1100
830
1610
318
1505
975
841
1363
1989
1967
1997
1040
1330
1621
455
1343
1038
483
877
1246
1327
1307
1840
1215
114
831
947
566
543
1167
1071
719
1097
182
574
984
1120
843
1023
792
298
1770
710
1165
1177
1260
1210
1418
1443
825
372
48
812
1732
1750
1613
1093
1380
1358
1625
262
340
1404
704
1260
1660
516
1734
1903
912
653
316
1621
1613
1376
448
668
101
333
785
1787
1327
659
1650
485
1815
583
1247
1614
64
1759
1978
1299
758
1463
1840
991
362
947
143
1833
1024
510
810
1919
1315
1539
230
528
1623
1518
847
1380
1376
366
25
57
203
1687
208
642
1460
732
1021
518
1155
936
1463
210
1960
831
1590
862
1622
970
1078
22
1211
460
1381
1035
393
1679
195
542
891
1148
215
221
32
851
601
544
1312
1533
1822
959
1749
167
1349
1480
770
1318
39
1197
669
229
1336
1087
355
792
985
876
1271
306
1859
1741
532
1019
981
84
810
757
334
1700
1306
1038
1442
163
1856
69
454
1000
285
505
1817
1076
1718
1047
1700
477
232
1295
216
572
197
573
1825
1028
530
685
983
1584
514
1238
1993
28
918
1042
1755
303
371
1860
1569
320
1874
131
762
1385
56
1775
1834
877
457
1219
1851
1272
110
1985
592
481
772
523
450
737
349
1537
1168
630
1809
1797
870
142
1290
1677
1808
1241
850
12
1941
1062
682
1184
1783
907
1389
1830
223
447
977
1597
883
340
1767
58
718
1729
1471
1313
993
197
526
929
1024
1193
942
828
1027
314
485
392
1400
1096
203
696
1768
232
1740
1430
336
1766
155
1407
1340
1377
1978
121
1244
974
610
293
1912
1921
1748
1501
760
1236
1421
117
1131
1091
1948
237
1270
295
429
69
1549
516
1572
1220
60
1820
749
828
1850
913
1936
395
1571
1677
1544
773
1897
1081
1095
594
1499
237
331
1983
135
1517
866
284
101
1932
457
775
296
1163
866
207
11
789
1762
586
1375
1477
1808
1442
1288
1355
1464
1798
1868
883
703
1862
1908
138
684
28
793
1211
293
813
152
1232
665
171
1503
1494
463
630
324
85
1108
1344
1976
1798
298
177
706
1702
1407
327
396
1876
525
82
1298
774
1410
139
1863
510
1345
505
1889
653
1874
523
1685
1302
1270
597
1307
1959
1403
708
1481
591
941
1517
1082
1617
302
402
1529
595
995
1261
849
388
137
218
877
778
504
1284
1295
1245
61
498
1427
1467
1777
1078
384
1545
1237
1877
984
709
1629
643
1953
757
186
43
1059
194
1830
1448
917
542
1663
115
1111
1190
615
732
1988
1235
1634
1202
109
120
869
1375
1347
719
983
347
224
1149
744
715
191
1970
847
1532
1491
1733
1619
1044
513
1767
1696
42
121
1379
522
42
1184
80
206
723
16
930
234
1438
1336
1119
1135
934
742
71
1730
1922
1820
1511
572
660
942
1139
1206
477
1153
737
544
1972
1296
783
232
617
83
761
1448
1554
201
1840
1375
229
1518
1494
1636
1200
1136
1650
1932
96
324
1662
21
1316
1707
740
1444
775
1862
945
1049
71
444
1617
222
882
1354
921
41
1381
455
436
161
1082
1189
149
365
826
336
1765
1821
862
262
1014
1592
1199
1361
934
1425
579
58
998
391
1928
1527
1226
773
1823
1072
1500
816
683
1494
1611
788
1551
1016
789
766
1767
1461
1533
979
816
1749
496
34
195
1617
1964
991
860
1393
438
153
922
769
482
1521
1931
190
1560
378
19
821
283
1066
1116
1387
1753
40
1374
1973
1972
913
697
1966
972
631
763
37
1008
254
611
513
5
1546
1324
796
1003
1226
267
567
1675
1732
110
987
1661
1837
1603
1958
1143
128
173
1954
898
1789
1823
1923
1557
1897
1359
1429
276
166
225
739
1931
725
1861
192
244
978
1846
270
289
667
910
17
817
362
1747
1098
1723
107
1023
292
878
911
637
1852
1444
1274
1892
1461
1044
1295
1473
1743
1735
458
603
820
385
390
300
1711
1862
1560
317
1459
388
917
1711
264
1228
1277
1505
514
1098
1877
1901
1212
1622
631
545
858
1495
930
1968
1698
644
358
1711
1721
211
1522
279
1215
1586
424
65
1607
79
1482
679
833
388
1895
272
939
1703
494
863
1989
1856
87
1096
3
1450
1238
745
589
111
1402
1786
1453
1172
1905
722
183
974
332
515
4
1527
1528
32
248
161
157
1183
993
986
1297
1682
35
1689
1544
579
1402
1827
1890
536
309
742
446
53
363
488
1995
1310
236
1650
1463
1429
1115
763
695
171
425
178
1520
140
1172
566
1044
1949
1369
803
210
830
1096
463
13
1083
1760
757
1653
306
1201
1677
645
812
830
1157
258
209
288
880
944
1374
719
619
83
1896
150
1900
465
171
1458
1508
1791
1206
964
642
927
915
1180
1470
1999
1656
560
1664
1057
15
1515
1702
451
900
1775
186
993
458
222
901
64
468
983
689
1182
465
1781
1135
1661
336
628
1154
244
1337
362
356
1621
115
1167
1409
1809
579
1720
820
1996
1233
1921
78
361
223
373
1756
1231
1516
1090
394
1522
345
1724
1664
1499
1443
1047
1825
562
222
709
236
1212
720
1151
1239
1442
1115
900
692
121
889
442
1450
1486
522
8
1572
1975
1217
719
1929
1747
871
307
1303
322
640
298
323
505
966
857
1790
576
601
1130
1535
1813
733
612
1208
979
489
1745
1063
1464
810
1445
1408
595
162
1239
937
1906
671
1388
930
507
955
1224
898
173
1946
398
180
1087
325
10
1092
1262
787
1135
167
1002
173
504
347
66
1753
116
936
1215
716
893
1593
1628
606
494
779
329
1503
122
183
1880
1168
1716
761
721
585
172
1292
1867
1089
1340
1851
1150
1826
1856
576
1882
1630
1051
1640
1394
1749
1136
1357
58
1519
351
1120
1065
609
1401
1905
1090
519
43
1515
16
531
1101
278
893
284
1752
1101
1170
1062
1720
1015
1473
1715
229
867
570
1738
134
1223
689
540
1141
265
270
1871
672
396
144
1824
1914
719
193
1788
768
317
1284
77
134
1078
1837
334
250
28
1526
1446
1709
500
1230
98
226
697
944
160
1365
1051
1032
1881
264
1302
1695
692
137
23
14
585
436
604
1191
1128
436
782
677
1492
738
847
1143
1177
58
183
1003
1837
496
1306
131
33
1041
1305
789
762
740
1507
1224
479
1851
764
747
660
1808
933
1017
1590
271
410
381
4
1716
21
18
1681
1541
1715
1867
31
380
1389
1955
1151
1125
1884
1373
663
681
1869
615
78
1136
1302
1478
1913
613
1519
563
1804
1342
584
647
1434
369
881
730
428
1068
1665
946
1265
395
1996
5
1231
1649
829
1793
1025
1924
1216
1333
1843
898
1267
424
1121
208
585
1089
362
553
466
1098
1115
1242
2
376
953
37
950
154
502
1163
303
821
1787
1709
1086
921
299
978
1139
683
836
354
1670
1352
371
1223
1411
57
1042
519
1017
1947
1637
1718
1794
600
1761
511
385
374
1723
890
774
1665
413
1796
920
327
538
1042
1545
775
89
1974
1047
1688
1784
1372
1036
884
761
64
432
171
1594
804
100
633
1743
1863
852
1733
962
1817
502
1054
490
1677
1052
700
515
338
1199
1622
1698
1690
471
1017
1339
182
1086
596
764
1068
854
465
57
53
549
1389
660
1501
1592
108
19
1457
1329
1171
1839
335
1944
440
77
458
1416
706
1419
1178
218
1294
1463
1727
46
303
1051
454
1684
861
599
1155
690
1715
574
882
1533
767
478
788
392
882
1237
464
1743
1463
640
1624
918
1352
576
1462
1469
1416
419
343
1068
1418
3
382
1473
1992
395
466
671
279
674
1133
922
1784
235
213
784
1394
1778
93
585
1908
1522
112
57
1855
742
32
1008
1899
1865
108
1830
1008
384
1238
1751
840
1861
1061
1689
1522
1298
1859
1398
457
1407
477
1081
755
1266
1976
1554
1434
1686
524
923
726
1234
619
1266
1559
1777
1358
429
394
822
1534
1574
1200
321
376
1719
1031
938
11
1516
1028
884
1949
701
396
958
1778
1120
499
530
1127
1587
43
1474
803
1421
1283
1296
1918
1032
26
1658
1254
1217
1412
1071
123
1112
134
1504
71
1918
748
1994
1518
167
1026
1734
1319
138
1851
79
1982
1400
1724
337
1382
1697
460
250
103
1280
157
1542
1115
189
1457
841
1342
1614
1780
1337
1658
1937
1500
1163
1905
430
412
1971
1033
477
773
426
597
1377
1246
208
573
1203
1737
1632
750
966
1556
438
311
494
1955
1082
1330
1347
1228
134
922
703
1211
1225
609
1679
346
12
434
1070
685
332
1224
570
605
1002
1058
29
237
279
1525
414
1008
468
1325
1284
1700
1748
1894
1618
154
601
211
1406
906
700
1611
115
377
560
1507
814
637
878
701
922
825
1895
1896
921
741
674
977
1704
137
1053
658
685
1463
1667
1416
317
1954
1120
945
791
169
553
734
1595
24
460
1375
74
1573
1322
1511
1036
1981
356
875
1262
1348
1835
1816
128
1275
963
576
1444
1010
1355
1605
1367
231
1916
672
637
1337
294
557
1319
1085
569
1953
1150
1455
1759
1325
1044
510
1348
1719
946
1826
125
976
1831
980
969
549
183
1332
252
218
886
1107
1926
1144
152
725
39
928
1912
1956
286
546
1942
1544
1212
1685
1358
1848
1950
117
53
1420
1280
936
1115
189
1640
750
1825
1679
1186
192
477
47
309
1761
238
1720
1731
1791
24
1593
365
65
327
1097
1537
1560
699
1417
662
1233
918
439
865
1279
1663
1418
360
1160
1556
1519
502
688
1462
575
888
1680
1968
1230
354
129
1372
460
1330
1689
1471
1800
489
1768
92
986
1161
1898
1264
946
244
560
1539
1502
37
1697
1805
1353
82
991
1374
74
502
633
334
920
1836
99
564
1631
1787
1581
46
159
1842
1029
85
1582
1457
191
1579
1415
780
1813
255
921
1055
1229
104
44
223
1111
1211
1569
1910
389
934
1823
832
597
515
1664
1390
13
1275
1631
1323
670
1919
1071
1134
232
1018
1630
1265
261
1067
1903
156
874
1564
328
1386
870
1640
1109
1577
536
1059
1299
362
397
312
1972
502
746
959
609
1423
942
1254
417
784
343
1162
554
185
522
1675
1506
730
1200
686
873
517
865
72
158
679
417
1487
997
138
781
518
1511
1759
1738
425
891
45
1554
802
1247
1948
759
1394
905
887
488
336
1289
26
22
828
647
690
489
820
97
1897
75
1068
1048
174
464
767
850
1548
1706
1892
237
376
219
909
405
567
681
1221
1314
1960
848
1671
379
783
1125
1914
89
130
1817
1388
1709
1545
1917
766
843
522
995
20
1758
660
389
565
1901
1283
559
615
886
1784
651
750
1551
1315
13
176
500
524
225
990
943
1073
1869
125
169
1604
1019
780
238
1311
522
1041
69
1926
1865
1046
1255
1692
1751
109
143
391
1084
1093
524
419
1473
813
1031
1422
1983
312
949
959
848
975
1989
163
28
1974
1901
1569
149
836
719
1974
1879
31
947
1797
288
492
263
1407
661
207
443
1701
1577
372
790
520
1198
1336
153
786
464
1893
719
582
192
1290
993
533
1466
1899
1932
1657
380
1569
920
251
767
135
1822
1951
1397
492
1351
180
1937
1330
227
166
72
1144
1680
1537
2000
1211
735
34
471
1359
859
333
1086
1178
1624
945
1837
1727
1044
1058
1360
1364
379
945
1234
1852
333
1729
549
1148
250
1036
162
741
1349
53
1304
1786
901
1734
1501
897
1214
1401
467
909
96
1223
35
1249
389
1012
960
1422
1381
1453
883
658
1095
1717
1829
1252
1035
1075
323
277
1191
1214
1289
128
127
1208
817
878
159
816
226
1995
1412
931
241
1502
1931
1734
1760
348
576
1703
926
1995
563
717
1481
1094
1143
148
167
396
1794
1348
1215
104
1016
602
482
1552
1786
107
1114
303
1979
1053
1074
1425
1638
1749
1244
22
445
106
1029
1786
1160
1257
289
1498
562
1738
1605
977
1948
1055
436
394
36
689
1671
550
1316
340
590
742
1298
1136
1025
121
1556
61
1361
1786
743
1248
1386
1570
1265
1381
1606
752
96
206
1081
1699
1065
1818
180
1728
1715
1766
149
685
457
1689
269
1763
388
1694
416
1342
433
130
859
607
1172
492
1481
447
1
6
1852
80
1075
384
328
1395
1338
1569
1045
1592
1157
1031
778
1161
986
1118
1710
1383
91
1803
509
1112
1227
1641
1098
53
1676
1922
1663
805
1007
1306
1393
1560
1757
461
1601
1507
1965
223
1434
1334
356
710
780
1171
390
347
1836
710
137
393
1008
786
1811
487
466
33
901
1392
1412
920
196
1299
1255
298
405
1326
659
561
824
1708
610
1520
1095
1556
1575
1888
226
1734
1700
591
467
955
383
1828
632
218
879
1076
99
1103
1183
551
837
999
1227
1677
1793
974
502
305
1245
1718
1782
315
1194
1670
1621
1596
1757
803
1676
1253
414
753
1418
58
567
1245
207
740
1003
648
1791
1404
242
1991
1888
1575
1244
1902
223
1754
1537
1371
1439
1213
272
1136
693
1357
679
657
429
744
883
935
530
1781
101
899
1791
1823
320
1169
894
1947
1555
1912
474
128
459
1563
1930
450
1770
1894
375
1242
1726
618
344
1449
1173
913
908
237
2
1809
318
1693
954
633
254
1345
1831
685
409
1150
1085
755
173
839
1283
252
1368
1663
1711
1203
1607
1451
1403
1877
378
1809
1847
1450
749
1405
367
1881
456
1203
54
1562
599
709
302
893
1698
1805
848
544
1411
1358
1556
792
51
1920
946
1770
1736
1723
758
752
1232
1327
589
207
43
298
666
68
1466
887
809
185
1660
1855
1646
236
341
1589
759
1785
1257
495
1638
1096
406
1730
445
1203
493
1807
1275
289
468
1571
1742
1108
1796
1897
599
999
788
1899
1880
1468
701
678
1578
1589
704
669
811
1120
1403
1654
935
363
1948
506
933
71
268
162
1570
361
652
591
207
1885
414
863
101
1352
222
868
1670
194
1569
805
1292
1222
29
1171
843
71
1319
1558
353
1841
653
565
1405
1878
1661
911
812
1978
558
600
868
880
959
380
995
1755
379
13
433
1086
1059
1509
1290
1365
1424
960
568
237
1072
1095
1646
1384
1417
368
643
324
1484
1134
1490
576
189
1164
171
1550
1424
42
420
1355
907
987
706
1224
914
590
1676
696
1941
805
1049
1021
1146
1787
750
1937
707
368
1131
1387
1040
1416
1812
1754
536
1841
379
477
1077
268
455
514
635
266
328
543
691
406
144
1747
304
1589
1893
703
118
1843
1555
499
1064
148
1704
1503
353
1653
68
36
1430
1849
1110
1658
714
614
1348
113
654
1767
823
1005
715
1978
930
1894
201
640
789
1678
321
467
328
1138
306
1342
1794
1350
1316
829
1312
797
1172
1624
1364
1937
581
32
821
1715
1966
1633
379
80
1212
1462
97
1585
791
120
1242
331
659
540
1083
1708
865
1157
273
1164
1343
1674
1269
424
1814
811
1778
1151
34
1081
1706
446
1275
1425
668
102
919
1732
1552
685
1497
1250
1457
1341
971
1148
1601
900
553
1452
795
778
1212
38
1382
928
1539
670
325
1170
494
197
820
1647
328
412
196
1541
1970
883
262
491
1733
132
121
521
894
1351
523
1393
1112
87
334
1174
1019
1999
1958
1530
469
1474
1334
1245
1711
1097
1811
36
1172
563
1488
432
102
564
268
914
446
1107
143
195
649
1258
1504
893
463
1136
426
544
352
1552
164
1098
1465
1307
1307
1378
222
716
1202
696
1625
235
832
1590
1754
707
1631
247
697
922
911
773
125
842
1983
1618
1100
1614
912
1175
1998
1468
934
1233
259
1794
334
445
1257
989
923
208
177
1815
798
49
934
1717
1728
1011
976
474
1942
293
244
619
1760
560
1203
539
1828
1211
325
1841
214
288
1280
531
20
1706
617
1818
917
658
1983
1628
591
1752
634
1920
1858
993
984
1985
790
1895
183
766
1462
1493
347
724
1323
1256
1450
1346
86
600
975
688
152
673
245
286
753
1518
1730
1714
267
1727
1189
1181
1836
112
1410
996
732
1997
1910
1027
1341
4
986
1063
612
1720
133
1069
13
1325
1078
892
1569
322
310
1625
1956
571
1315
1614
1641
611
149
1236
273
1619
1956
1801
366
1845
274
87
1346
256
439
1318
646
1005
1069
919
1038
1145
769
1713
712
1718
841
461
1447
188
307
1811
1148
1365
157
705
707
231
985
867
465
399
515
188
540
393
835
36
384
531
1194
233
308
842
89
956
1903
1784
1823
431
1251
30
1568
17
1523
663
210
1818
1545
249
1920
680
1217
1152
1972
1974
919
753
64
1439
504
814
1652
1134
1153
609
580
543
1419
481
1120
653
557
531
1005
1136
253
98
1627
403
1438
1370
328
1694
952
1419
595
454
1806
1241
465
1200
269
108
412
460
1282
440
1339
1323
607
1134
1308
1332
1007
63
1527
1574
1648
766
708
662
1405
768
63
914
559
673
105
1080
762
1997
1060
1773
1632
650
533
556
1509
1958
1285
1705
1711
1118
507
754
1091
90
670
1606
988
518
570
1634
1183
788
222
1993
11
504
1341
1243
844
1261
79
892
657
1595
1712
1847
592
1806
191
790
1357
307
131
213
193
792
1971
1138
565
1338
1239
1831
415
102
1407
320
1343
137
60
1684
1508
196
417
174
1732
50
504
1232
937
1477
391
1097
919
1943
649
406
1135
967
585
811
1006
1580
187
403
50
1363
1471
299
620
664
374
1376
1130
1089
1868
63
1325
1551
1296
1970
1911
1502
194
939
209
745
140
1824
1200
1963
1826
1001
95
1389
149
1065
1263
1694
1248
152
600
1767
1467
1182
1256
1520
495
442
563
1555
837
217
829
1825
1128
1590
617
192
159
1119
719
1611
94
1256
678
13
1842
383
1192
1607
455
1725
1789
519
1606
689
286
1565
1763
1661
768
395
1025
556
207
380
260
482
1127
1457
1514
294
243
333
877
594
1086
1849
506
1200
483
679
1329
114
1979
1808
1589
170
1857
1113
585
26
837
1999
1348
1100
1544
640
1379
730
147
1836
206
1497
1569
707
43
33
678
1441
1803
948
112
816
672
609
593
1943
1151
475
1824
76
1115
1349
1866
1977
345
6
247
329
1144
1135
1516
221
1471
1067
929
1189
1967
731
551
656
1776
1552
464
1302
64
1951
230
285
1439
656
1356
204
1120
246
502
1141
18
937
589
519
1039
1003
130
970
1639
1320
389
1918
1908
1814
763
1284
1641
834
1436
1665
1339
1114
1920
1790
252
907
607
254
641
739
1715
362
199
36
1596
514
720
1618
1133
1565
976
884
676
110
1385
36
843
1763
3
1002
1510
1352
363
1993
1783
1392
205
1744
1817
1813
1135
817
202
1088
881
1262
429
1280
1937
1395
1769
1854
1891
1036
357
1644
98
259
1864
562
1889
1369
1349
754
1737
1118
607
1699
1570
1942
1957
1207
30
514
621
455
1446
1299
1860
1088
884
1281
441
100
421
1729
222
1930
808
365
1126
825
1577
155
55
1684
242
1906
1225
528
1393
1053
1258
1242
1441
91
1612
789
331
1795
1785
1691
1195
836
1115
1088
1437
746
481
1338
74
772
1567
687
1133
637
1987
55
546
1005
740
444
773
1609
1570
1311
715
679
106
1726
148
1370
1148
862
973
1358
407
737
1520
211
1279
1512
1293
1337
1185
1481
929
288
638
1696
1316
778
1835
1056
318
1387
1567
1693
915
178
272
1143
1248
1395
832
278
621
1425
425
1468
779
43
1302
1269
1437
1604
1362
554
1309
1530
584
1637
156
1818
1996
838
532
520
681
1578
1274
1495
1807
2000
1955
952
956
138
610
1847
1373
573
868
735
1001
316
896
1830
178
745
106
1645
1611
1687
1325
1923
1196
1757
105
47
411
1156
1543
1745
162
1701
1861
1076
106
1774
320
1592
615
1305
1749
291
1739
1725
1496
1336
1864
787
889
435
1594
1741
1453
259
190
188
391
885
638
1289
1483
666
1635
506
1228
1714
359
1010
1424
462
1616
1158
1957
1777
1528
1767
653
1447
927
1480
1123
824
121
1001
1032
1036
1013
845
1310
1442
1333
988
193
1620
791
745
630
820
1031
566
950
58
278
238
1023
1878
714
1885
610
450
218
1209
1112
1210
1586
42
1978
174
1801
477
1619
1231
559
1302
1774
762
1738
1826
1823
1761
432
29
185
1439
617
427
235
727
666
1218
22
178
1110
1937
1529
698
1836
1895
665
506
898
1481
195
1564
542
258
1899
1638
254
1463
479
224
462
1635
394
1757
1521
1751
54
475
821
824
476
1752
179
1332
496
225
1206
1939
1492
225
352
647
174
1531
1031
335
1162
428
312
1199
584
970
402
199
613
406
1694
1397
695
1322
769
1090
281
1327
941
877
1559
219
1390
122
1164
749
719
1435
1396
1590
1170
911
378
332
1755
856
825
1001
1110
853
1588
837
439
1303
1862
401
1588
782
1004
1827
811
1280
802
360
1733
1779
1019
457
1855
402
1344
941
1686
51
903
838
94
1852
1927
474
745
1320
612
1863
376
1425
208
625
1580
289
630
1533
600
1275
1454
1422
1330
689
1495
1558
1355
371
611
628
1997
1572
1401
1669
732
1660
1534
1295
62
2000
1554
655
86
924
1146
1055
511
1620
1510
1417
1643
667
978
1963
1890
306
1990
1255
165
892
613
898
545
478
1914
1681
1765
1854
1907
126
1816
1738
23
482
1860
921
896
144
1006
762
699
14
1540
1942
732
870
1742
182
1918
1048
656
983
1419
382
1125
1236
305
1906
420
1753
465
918
1810
1173
80
555
503
430
1353
1107
406
1973
57
1302
195
766
649
180
542
1796
1355
997
922
1102
662
374
231
1172
729
151
662
1189
1004
1563
1647
1795
1140
80
1915
1799
305
1333
116
1737
1137
622
207
107
1941
189
1312
742
1117
1699
1593
1447
1143
771
1755
1494
136
83
1704
1174
1323
1176
516
1361
1791
763
629
316
1342
1064
1622
1030
378
1558
1810
1128
1200
1240
1302
264
504
1382
763
1119
395
1570
1241
460
179
1964
1295
1452
1230
1953
502
563
1101
1912
504
1077
1166
968
963
584
364
466
977
1330
85
1902
892
861
1496
491
1486
570
123
1226
758
1638
102
1766
163
1673
1394
1207
1028
496
1409
1094
1764
270
1738
1962
740
389
968
877
320
1847
840
1319
840
1871
1425
1906
1831
366
1338
194
1969
1488
427
1235
672
1266
1032
1574
1006
330
1015
1646
858
316
1350
554
750
794
265
1933
1923
29
1019
391
1707
1706
1149
634
774
1530
1361
251
1240
1376
1521
455
449
31
1171
1466
1730
158
866
1610
1020
810
932
738
1125
1105
366
1346
1285
1633
530
1599
623
1431
1827
1408
174
1016
1553
1007
118
1336
820
3
1349
923
1916
774
521
417
1270
709
271
434
1213
888
961
1774
26
1157
133
585
975
353
993
1244
1464
1976
805
1770
381
1334
979
940
770
295
1635
221
1632
1641
537
194
1114
1664
1354
511
547
554
1453
1500
704
1908
1904
1200
1434
1794
229
870
1689
1260
1641
147
1960
1440
1934
696
1196
967
1662
143
929
417
1398
1464
161
798
1846
873
475
458
543
1621
888
1821
891
829
1181
888
147
897
1816
1003
333
385
1057
1829
72
328
312
977
763
1543
282
1341
1151
1639
1215
1462
1488
1239
497
290
972
770
96
67
1263
619
376
1532
1222
1440
1189
1446
1818
255
1521
178
1366
1819
309
1879
1884
873
492
143
1708
1190
1152
704
1730
136
403
1817
386
263
1551
1428
939
715
271
225
966
1852
453
179
1015
602
1550
15
503
1331
393
1988
1513
657
1083
957
434
1588
1277
1530
1480
255
1369
1495
717
382
1149
525
784
643
541
10
626
1323
1014
1757
153
1929
266
1194
758
797
1577
1077
907
29
637
547
804
460
1367
729
386
242
1304
625
141
1300
1698
203
685
424
183
506
415
1233
1784
1433
1731
1677
40
663
113
1346
477
950
111
1681
1200
559
1931
176
94
1236
1938
253
743
548
259
772
627
1710
1587
1248
1105
473
475
612
448
322
1781
1553
1759
1602
167
326
53
645
410
1055
68
316
1208
1159
1081
1913
1262
1201
96
452
717
1472
1056
1420
992
1589
414
1884
1313
487
559
189
1361
1863
1146
1822
1276
1945
1275
1602
1759
1914
622
1209
549
147
291
652
1105
356
1112
1330
1088
1757
163
55
1315
342
973
1175
629
717
1946
232
1791
1690
244
305
1505
354
1193
919
1561
1536
1120
1740
443
1620
289
1150
768
1302
1095
766
306
454
630
218
699
747
576
1875
1967
1830
532
140
673
1769
17
295
577
266
83
1805
1930
849
309
1979
1398
1369
793
1982
1820
293
869
816
1880
788
1598
6
1043
1423
445
578
1608
1789
1624
1318
1975
1347
405
290
403
199
1247
1360
640
365
1827
233
1950
414
1833
1339
450
303
1435
197
1121
1053
439
1334
905
981
936
1548
726
1431
315
998
394
367
1355
1795
1205
520
1165
954
1737
1352
1215
1761
1612
1199
371
1864
1320
1389
1609
760
500
657
1957
491
786
53
1551
889
234
1995
1358
885
306
623
1068
864
1783
305
1017
1451
1455
1614
1385
1085
264
892
984
1398
1055
452
953
88
1628
400
1047
1457
117
843
160
1028
1132
588
1738
1473
1327
1925
1776
1857
1426
167
509
697
1794
1438
522
257
1519
1610
529
1600
860
1777
1557
530
419
752
1599
486
1558
558
1036
528
1238
832
637
602
927
1645
899
1916
897
139
383
1115
1895
1231
1628
1130
1076
19
578
1310
1744
1426
1469
1508
126
1557
34
699
1336
1166
1588
161
152
999
350
177
425
1105
178
153
1880
1017
1967
1439
1427
588
1891
812
199
81
791
1196
23
601
695
1377
674
254
1067
1809
566
1056
1590
610
30
1490
570
1856
12
944
276
572
1077
676
1628
1047
373
1761
112
1075
1263
1761
1509
748
1694
988
264
923
231
576
811
141
782
1530
1870
1878
621
1296
1839
1293
367
1701
1957
650
509
1138
1466
1259
56
592
242
288
1466
923
1068
579
1681
318
46
1199
1297
978
1987
1027
766
1093
149
1666
508
341
943
464
610
996
1687
1648
115
288
514
1780
497
746
618
852
255
1555
417
1582
1706
11
1647
568
220
838
321
112
1531
1722
1585
595
1728
1465
122
1335
146
195
1033
1464
569
1970
1159
1875
478
1690
904
125
152
1575
215
1980
999
1482
706
147
1648
484
113
118
1419
855
1397
1681
755
1066
1494
800
1532
935
1765
551
1428
267
687
1044
662
1390
1719
1828
1741
1541
1495
1409
1198
1359
600
1081
1854
1411
1543
1154
1926
62
1058
536
386
348
368
592
756
1269
761
928
1512
512
1364
82
909
1595
1132
1215
1504
1349
1464
724
1791
1944
23
1091
1418
1858
69
1831
1157
281
618
496
95
398
597
1980
1947
1001
1180
1465
1992
1905
10
1781
488
174
1796
1799
521
1492
797
1377
5
1681
1584
549
1696
604
285
1395
415
375
746
1430
850
598
1356
671
1897
230
1827
1844
28
68
1063
1476
1387
1093
651
1158
1795
1781
608
529
1336
616
1270
1121
200
763
1136
101
960
47
880
485
1623
879
1776
209
1874
748
324
30
733
860
854
35
616
541
1735
1437
460
628
1959
1884
1547
1663
112
285
1009
1349
352
781
1837
1925
1521
146
847
356
521
834
466
343
870
451
1895
756
719
1983
652
1785
740
5
1522
854
261
1704
942
26
1878
755
1735
1746
44
1748
1741
215
1919
830
1835
1072
498
1564
1202
408
753
131
1975
1033
1892
434
1374
933
512
1674
583
233
766
426
1018
1041
1839
1891
1901
993
1153
1981
1138
1229
301
615
1453
1129
292
1104
1251
1368
1348
588
285
1927
1142
410
528
182
1358
1883
307
1335
1564
1803
1019
768
1504
907
1141
647
537
1462
15
1297
410
1309
554
1718
783
1451
566
784
560
1132
754
259
306
1415
536
1671
342
1355
487
1295
669
924
1414
714
616
1482
1568
1072
428
767
1203
1618
191
1536
1747
1662
1835
819
1767
956
63
1916
1106
569
799
640
1569
12
1470
1212
1332
1673
169
1391
686
1507
263
1442
51
810
1717
1643
668
1305
782
885
1203
1978
150
713
413
807
723
1574
1091
1420
1050
1168
441
1366
669
1379
1951
1412
1198
343
1687
980
520
409
1835
1549
1602
258
667
679
452
1994
456
545
697
735
1082
1098
213
971
751
1069
1524
1142
324
394
61
983
235
1108
739
828
611
740
584
1748
1287
1503
1638
1621
780
89
49
1744
1812
634
1522
1298
1646
1704
555
229
1219
313
107
752
1872
407
860
1007
401
1256
38
1636
676
355
546
1356
896
1795
568
1117
596
1891
1513
1153
872
1621
1244
724
118
1498
1999
1169
410
1534
1988
650
1482
1503
1471
1349
1981
880
1409
1739
129
373
12
1731
1121
179
849
102
403
289
922
1603
224
768
1687
868
1983
727
1543
1338
281
194
1949
297
713
341
1547
1508
402
1774
881
878
1368
224
1108
1941
1207
1308
1338
869
1020
460
1103
1181
1626
1632
430
1405
1761
531
1685
1611
732
1465
1138
634
654
795
203
543
62
1324
1813
752
516
1752
1493
534
727
1550
1701
1337
554
430
1072
1277
81
1875
1540
788
1276
1130
704
430
1993
1410
1051
828
420
1611
808
206
1747
1232
1248
594
1368
850
1462
1266
1830
532
17
1456
1620
754
640
1787
936
1845
1345
250
912
675
1611
1053
196
910
1924
895
318
1167
1910
1695
173
1715
1886
1983
1622
496
533
211
580
323
1470
886
1484
1999
1650
1154
986
468
308
1437
1202
1029
1684
568
1002
214
656
1314
1754
1525
1624
957
570
907
575
715
1227
830
1843
643
1503
411
608
538
1387
334
1064
403
315
1514
1830
440
338
1599
1223
1547
1108
588
1182
328
743
1804
821
1661
1947
1123
1368
1092
1499
1287
292
1677
261
1374
1881
911
223
124
1553
6
1214
714
790
794
839
1655
1453
1811
1566
654
404
1311
218
1772
1175
1563
1194
349
161
1658
307
123
1180
932
925
1819
319
1588
1346
1838
1124
403
511
1245
753
718
58
1535
475
1332
1497
1457
1629
1481
1290
199
1999
837
152
1483
2000
1098
1187
309
1274
1093
569
1316
1989
1020
411
1265
1367
911
169
1981
79
1483
1174
1914
800
1028
1587
791
322
1139
1195
1642
1987
686
2
127
932
1975
80
734
341
1734
1277
1775
1530
971
137
1036
813
1164
1933
1926
1997
1028
1445
292
374
476
1840
164
1392
378
1635
649
1601
1632
635
407
323
1823
1415
242
1281
298
164
1490
386
2
44
805
1183
95
7
1153
702
325
1247
1103
1699
803
109
1997
87
252
917
1605
808
1510
680
688
1225
1882
355
236
918
1953
1588
315
1581
1435
612
288
1986
1547
1027
757
533
1194
216
1367
413
1777
1238
72
1699
280
462
752
407
1335
251
1675
1406
589
1506
1672
544
1050
20
1485
1935
1953
1328
840
17
726
1380
810
474
1914
494
77
527
1615
1594
254
257
131
1660
1174
679
1516
1357
541
1228
953
402
1177
1720
1480
1697
1030
683
363
164
927
183
1180
1681
82
770
1060
1297
219
1516
789
71
126
20
1152
1523
175
126
1281
1810
821
1564
1012
525
759
946
1440
1159
936
518
1287
77
122
1480
44
1299
1777
1800
589
1626
1135
1867
1598
554
1997
1454
574
1184
1499
901
83
1912
967
167
107
1262
610
1481
1126
1425
1292
614
1088
1596
1357
1948
1321
494
902
504
1521
1045
218
1373
1326
1812
980
927
1327
1876
654
47
1547
170
1072
1597
1096
1606
632
793
942
529
1555
989
1254
1025
1689
1603
992
1735
995
1924
146
755
1182
432
1353
1335
1510
1563
1232
1620
581
521
121
1444
893
248
1418
1964
879
344
16
555
895
81
115
88
1311
63
1723
393
462
188
1832
326
707
163
1194
773
943
1974
328
1890
925
1885
662
1778
64
1425
1713
579
1241
1961
1016
1624
1379
74
226
1974
520
144
32
999
426
1606
1139
660
1033
827
1086
1939
150
95
551
1235
795
1414
775
252
713
1677
1438
1134
560
1171
779
347
49
1830
1693
1742
1505
1225
403
515
20
679
1499
564
8
61
1383
545
198
763
1267
683
1262
1307
1834
1437
226
1371
476
1757
1260
114
1400
862
470
1328
1183
1512
654
1465
59
218
1757
657
1964
1185
520
705
975
554
1605
532
381
1487
1360
1402
328
771
1271
307
327
1623
1646
1756
238
1283
1125
1715
1496
62
1708
938
972
1032
777
769
410
218
1431
45
1996
152
785
665
1308
987
47
82
808
939
1908
578
1317
1335
20
1433
944
177
910
740
1892
492
1587
1808
1815
452
669
34
836
1633
1683
169
1940
303
1552
1005
1451
1564
1905
1218
609
1791
716
237
723
874
1414
1789
220
1745
175
432
16
790
1349
1580
1039
1112
988
1871
1784
1168
1030
701
339
1295
302
265
208
1642
214
721
1516
1736
154
1134
692
344
1656
1185
1631
683
1804
233
1184
1291
121
1627
1918
1518
984
1186
746
297
584
1274
899
1734
1388
1208
782
944
578
1950
163
857
164
1706
1768
453
958
1278
813
182
1403
1568
1371
1400
662
1347
1642
1769
1566
933
1577
549
135
1969
932
299
746
808
1118
1590
533
727
242
1035
1591
1807
282
454
614
1008
442
748
764
1473
1621
1503
406
105
1943
22
1023
291
1075
1792
908
338
752
536
1973
1798
1262
621
1118
1549
165
1456
906
290
176
1794
909
1778
811
1103
173
1555
257
229
1131
1937
848
998
1573
1169
940
947
679
1256
251
1116
1836
675
656
1154
1377
1253
1860
663
834
672
476
801
1908
387
1217
310
514
1600
468
740
635
1772
56
1261
465
1426
152
1941
809
1662
572
30
1153
116
1209
1235
1566
1091
949
664
561
1701
423
271
1126
1374
726
1374
690
1659
1322
711
164
1202
1795
1906
862
1844
1121
1871
2
865
1211
1581
1947
1694
1996
1295
313
56
1895
209
1123
1531
1080
944
1416
551
940
1730
1177
1974
1882
1895
1135
25
625
1746
335
1729
1322
219
1948
409
1086
39
1158
872
384
1862
1616
1335
602
114
141
1344
1091
971
1129
1618
1591
225
1003
140
1734
1758
1783
1275
1402
796
1560
559
254
1720
1980
1309
101
1657
1840
172
1853
1776
486
800
209
1913
350
1019
846
1269
1094
259
991
1001
856
1208
176
431
725
461
281
1436
569
1135
203
1892
730
1271
1932
1069
66
669
168
1577
806
261
1418
1324
558
988
1484
939
1775
719
1519
149
22
1172
1715
1160
1907
677
634
1478
298
1992
545
302
1495
334
1598
1528
174
1966
1347
573
539
1013
1145
384
1185
866
255
320
434
589
1562
648
1143
1249
675
1995
1429
1213
709
388
441
122
1567
349
405
135
1574
428
456
1459
1426
459
799
1175
991
1915
1784
1448
183
632
362
210
561
1984
879
406
1483
1953
1009
1917
1849
1029
705
1271
550
679
1599
476
381
1747
22
1626
930
793
831
611
957
609
606
1661
996
1235
1348
396
827
1190
773
1221
33
1034
1081
1876
1879
836
587
13
702
1003
170
353
1285
1859
1672
680
55
460
1286
1089
562
729
1193
1665
1435
265
448
434
515
1781
1471
1021
929
58
850
524
735
339
1466
630
1313
1326
1052
1142
1551
1875
1927
28
75
1910
747
1169
1152
825
1060
742
1679
1156
239
1436
176
536
200
795
1301
1888
500
621
1227
1405
576
375
1057
557
898
79
1876
237
1048
1566
652
1238
152
79
149
1701
1621
636
1446
1697
124
1327
1646
209
188
1196
1289
143
1914
227
9
1262
1704
893
1749
1639
355
228
907
1866
1298
61
1990
1144
1631
632
226
118
1758
154
1011
343
183
166
509
1182
557
467
412
634
1882
735
73
585
1699
947
1026
429
1848
332
573
9
873
769
1985
526
412
190
278
1859
1619
1742
1724
449
1375
600
1539
1660
1586
1221
287
1844
847
258
147
1140
277
242
761
1991
702
1816
940
529
509
320
1121
388
197
601
463
1212
957
1858
864
1223
153
51
268
296
953
822
1559
1179
439
1777
1835
1290
778
1886
1224
1694
356
1826
326
263
553
693
177
385
653
1543
1815
704
777
318
1694
427
1
1924
1953
1586
370
299
518
1233
1889
908
565
24
207
1737
293
1403
1294
417
768
1588
1546
1564
1020
514
1200
1130
709
323
1047
310
1811
1402
1868
1053
550
462
624
732
1990
306
1665
548
1826
944
1973
175
1208
77
588
971
338
1218
1010
1572
282
689
291
977
940
1682
1066
1635
1510
79
209
581
1090
244
1212
1321
722
534
1778
751
1349
648
1619
179
682
1002
264
1932
818
1943
1275
922
504
356
1179
320
804
1277
1402
896
551
135
1039
1112
1618
1217
1015
1085
908
543
1659
946
1288
1194
272
498
658
110
1442
1583
1957
199
1399
272
632
826
52
1239
1002
690
16
1376
701
1965
1634
874
1146
1943
1871
1077
1836
1523
1958
839
370
1775
1948
1708
97
405
1662
647
1777
265
1908
463
108
1188
1812
1658
1850
822
1125
1324
317
1726
815
1604
367
1976
1720
1648
812
138
1222
1982
874
318
1774
328
4
1729
1949
1444
1442
1100
1205
213
1378
1652
1577
201
1832
724
650
1914
182
1508
752
178
1959
1355
1658
1926
1263
57
992
368
1229
757
1267
1695
1503
751
1377
106
1611
1451
72
1004
1857
496
1843
304
460
1672
1565
1400
1696
260
323
404
1065
1755
1176
652
1372
151
575
1186
347
422
1783
1756
372
604
699
355
360
1563
1353
1080
1243
525
625
1708
119
673
1885
261
1513
134
1897
1308
207
801
1141
1264
540
1481
748
1546
1486
1888
196
639
2
996
1937
49
1000
833
1655
1438
84
1530
367
1193
1200
1695
1719
307
1471
1728
1899
767
187
398
722
1849
879
755
950
170
956
1543
300
608
1970
793
1328
1544
1228
356
40
396
1099
621
404
999
1219
1616
1231
812
943
15
874
321
939
1633
1095
83
560
106
704
281
720
405
583
1500
1580
1989
1754
414
421
1886
1334
180
979
309
1752
1770
1319
55
1917
1292
181
565
1534
392
50
264
699
1380
192
999
264
1254
1088
1208
1610
1045
203
1357
1638
753
1
33
520
1886
802
300
610
332
749
1329
1464
270
497
1953
1408
856
288
918
1201
1509
373
1646
458
1812
1908
1004
665
390
159
328
1266
1517
973
535
1244
1680
397
1574
1077
1019
1114
639
823
1809
1733
1846
1128
373
1354
715
361
827
1602
503
1330
354
865
192
602
1440
768
877
19
346
167
1311
870
1285
1036
264
859
1987
762
1678
98
360
1407
596
847
1068
1544
477
1252
1437
438
979
1772
2000
1574
326
1254
653
1200
1498
1726
124
1215
831
829
747
486
1016
1957
916
1953
88
1105
1751
599
126
1188
382
592
471
1262
76
899
428
776
68
1890
919
1582
214
1521
1946
185
752
1032
8
1895
904
1967
467
735
526
27
141
757
1120
473
1182
1788
1302
1008
1289
1519
658
1097
1524
303
1832
1473
1818
1218
1252
716
1772
528
210
650
1051
362
1082
587
1930
703
867
1691
681
1304
1055
135
606
988
1337
1993
1271
1543
518
398
478
1039
1238
200
813
1943
1302
1566
160
962
134
870
1093
1715
785
1659
518
102
1828
1418
1368
1521
62
1241
1034
1142
1160
420
1655
637
886
368
529
147
1500
782
1247
293
745
296
712
965
1133
1140
1603
1635
1013
1007
1413
1073
1814
1899
1198
1453
855
18
1062
430
367
1908
1489
491
213
1999
1328
940
135
1019
1106
626
725
1499
1604
1202
593
1355
801
1094
1292
1378
1312
419
1910
957
924
963
300
233
1368
1712
290
887
35
184
1361
1886
928
1918
998
1568
1337
750
136
1295
887
301
145
1537
356
431
1147
1273
440
894
1419
37
1115
1097
20
905
673
695
873
772
1256
1414
480
1387
391
876
1309
391
1550
130
62
1997
1388
1897
1776
1925
202
1802
1060
1639
1502
1777
1627
446
304
1527
1936
1811
390
304
937
1820
381
1338
900
1603
1221
848
926
1876
1826
1212
1759
647
1545
704
624
1619
1050
728
1279
389
1464
526
477
1045
1619
847
1255
361
1315
594
1979
901
703
1170
1768
1625
1366
1989
442
1839
1791
1782
566
626
1033
1852
1069
1360
225
1214
560
231
1747
1339
289
1561
779
630
1723
1831
545
1709
133
1269
1758
234
1844
1210
91
70
254
1731
1049
377
167
554
202
1783
1731
577
244
1465
484
139
709
847
993
1450
1844
1383
1593
1675
95
1713
807
1127
26
1571
972
664
1049
1593
1338
1630
1880
1209
881
1480
509
801
1567
1430
1334
735
359
886
1628
302
42
1618
706
443
1623
209
507
1611
610
1405
1358
563
390
540
319
522
232
1096
1321
883
979
1905
396
1675
598
1287
962
123
967
1277
771
524
1216
834
729
101
1010
1241
1894
1493
1771
901
1155
1245
479
261
508
465
501
411
1579
931
160
113
1297
238
997
1238
454
1925
1501
777
588
1797
772
25
268
1265
1104
506
794
349
1526
1587
957
172
1237
1944
1003
952
1999
1435
940
39
1031
1395
150
164
1248
827
838
1081
150
1141
1662
593
1289
276
1690
1649
1506
1834
903
1412
1353
815
1820
1723
470
1130
1001
1896
33
620
1933
1697
199
84
1819
1108
1685
627
1041
391
27
1894
1068
201
903
1498
1065
1857
790
321
1693
328
1709
1687
969
1548
1691
800
1120
1035
585
1844
807
1819
968
819
1399
1681
382
1733
1234
885
1308
237
1425
206
1135
1475
1838
1760
741
1419
762
891
464
1168
29
818
767
288
1480
650
766
1979
1247
808
465
1932
290
803
1065
202
1162
209
1192
957
1633
1148
422
863
866
1743
1494
794
333
1084
41
241
1269
970
1990
1318
1945
1762
1410
167
884
2
1358
1550
1824
709
1088
1307
356
1970
6
392
937
1114
509
1990
894
111
1393
476
600
513
175
1135
533
65
1281
1202
383
1376
621
853
764
1250
1570
1190
1304
1179
319
85
275
566
1514
831
292
1469
1340
1271
1086
505
148
775
1910
49
1183
1769
1164
1433
1434
759
309
316
926
71
1453
1504
902
574
285
988
731
1562
279
1493
1242
1816
1436
236
1742
132
3
614
793
572
1299
521
1973
1346
1335
1579
139
487
1020
1732
1995
1220
47
1812
1575
1018
1510
1223
845
494
413
648
714
816
1029
1818
234
361
939
625
1864
1756
1979
389
1639
1229
471
1585
867
260
1141
256
436
936
980
387
241
1352
1981
1315
453
1656
746
1395
1290
51
596
1812
1317
604
1162
742
339
83
1965
1170
1237
561
1805
880
486
87
244
995
1402
647
26
1302
380
1041
1853
936
1736
844
1776
743
265
859
781
1966
1960
615
1864
1599
1875
1239
736
819
1440
1267
1148
1629
293
533
749
207
1479
653
1191
1784
576
1484
954
830
1656
1049
953
1722
262
250
265
1306
1957
1178
835
18
1792
1951
1983
1845
365
1125
1000
1729
738
1808
1231
1545
1464
1948
1583
921
1530
1945
513
1832
670
363
869
1522
1833
1004
750
1544
380
954
1163
1715
1343
387
1868
1198
1308
751
657
65
877
1643
1305
1989
1200
1038
145
1326
821
520
1528
1762
1097
903
1871
167
737
67
93
1282
1021
1124
563
1358
1254
1418
1231
900
1455
1970
1069
1560
1984
1274
547
1207
1273
1823
1232
1888
512
397
888
1755
697
216
1530
1793
378
1348
1032
1724
597
607
443
280
1919
1362
1610
1073
1643
525
1392
1703
175
1932
1402
152
1886
1925
778
1154
1635
154
1731
363
1670
1683
1018
1041
734
1848
1401
1982
1938
186
742
1061
162
1409
694
225
1884
415
20
1738
1358
344
354
1792
162
144
47
1146
651
1050
804
1259
1264
686
1914
667
1343
53
1724
671
1841
493
156
567
606
1245
1164
1385
288
697
1247
1718
944
1382
188
116