163
182
26
183
127
20
56
110
192
193
32
195
192
98
161
29
85
184
159
192
132
8
170
187
136
152
149
79
132
35
142
7
56
10
20
165
139
64
191
7
88
77
154
160
38
98
90
130
142
151
56
136
132
33
24
100
192
69
118
45
151
52
102
140
179
192
110
28
30
52
169
51
163
49
186
70
40
51
124
95
71
167
118
110
184
58
152
151
77
114
16
11
107
156
187
26
114
94
3
68
33
159
63
106
34
121
53
131
138
150
91
17
46
183
31
166
108
200
16
89
22
193
1
155
164
174
17
80
52
161
87
183
37
53
30
28
174
116
110
29
171
125
71
103
81
16
48
25
37
48
84
10
181
189
99
98
68
181
74
23
157
78
49
81
20
27
189
192
116
12
47
71
165
4
9
34
130
147
130
91
110
60
149
38
138
37
74
126
157
17
186
156
98
88
90
62
102
103
164
159