1677
1170
1897
123
1170
571
1656
382
886
787
1654
1354
416
637
268
1343
1142
340
296
953
1817
1105
66
108
1611
903
766
1580
729
1065
1424
1743
658
1301
1950
152
1175
828
619
528
1518
1991
374
1563
392
1985
1605
849
1458
997
1618
714
147
1182
1821
388
865
1499
79
1893
1528
1118
368
996
1036
1989
1710
1925
1358
808
1870
959
464
793
1411
1118
1514
1991
1925
1071
1928
232
103
609
1161
1062
1803
1082
864
1086
1425
34
1602
286
957
514
739
1324
340
558
397
391
654
1761
943
808
359
1938
815
1689
1231
754
1755
1570
930
1628
1797
859
669
1194
1804
1405
755
1470
1909
1086
1081
623
143
364
186
927
19
1831
1286
3
61
417
910
255
18
1455
709
1561
874
874
99
100
183
1189
483
1683
1715
1928
978
441
453
1074
1525
696
923
1279
1835
324
1432
1156
867
1769
787
358
1267
1249
656
1606
1999
1962
255
465
48
1215
222
815
1769
1097
739
417
882
1913
249
942
1714
87
1384
1958
567
268
1371
1819
1222
1800
387
1509
693
838
312
1639
1250
1478
1611
135
1902
996
1511
1485
1663
314
915
1237
1865
1671
1791
1166
1166
1710
70
1771
816
73
1493
310
288
1212
509
649
804
813
773
1220
334
377
190
647
1540
469
1481
1386
1649
1656
587
619
1047
651
1664
1621
1114
526
1362
468
913
770
1078
1984
1511
1961
470
1058
103
1514
1204
1715
1977
1859
820
1
1082
416
439
652
192
1496
1498
1087
677
1665
1106
1916
1786
714
1093
694
1246
1594
1492
252
1645
51
829
1463
1563
735
1490
1785
486
260
451
701
575
1855
103
1186
326
1677
336
1005
1999
711
95
428
796
668
460
1873
1367
1925
876
1881
12
1221
1603
466
1865
1527
1653
1147
1586
659
447
625
1170
1660
581
806
1725
1230
1983
408
1655
1352
498
952
799
1199
1602
211
1643
1683
710
861
1145
1402
1485
1516
779
859
1913
1146
1700
553
1245
1177
1927
172
1001
1044
181
1810
1769
878
1564
297
1240
522
892
1688
393
608
967
676
1597
1975
319
474
1405
751
1948
1945
1288
1721
804
1264
1971
1119
1868
1441
969
1279
1776
398
791
1985
805
1318
1803
1991
1307
217
73
1237
1135
1924
1493
1326
1047
520
1924
1081
61
1393
1040
119
1781
661
460
228
622
457
1304
133
551
564
1761
889
1512
1207
1567
228
1958
1698
102
933
652
1261
461
1160
1207
1200
897
71
1028
816
217
920
902
1103
1611
1402
1745
105
440
920
1918
1581
904
667
119
1482
1014
400
855
338
1504
737
1884
35
1659
1254
1078
1302
1454
189
1756
29
589
360
1853
137
1163
1275
1303
1730
112
1634
1058
1389
425
1087
1406
1913
890
171
115
1259
1593
1383
691
1894
1041
1908
148
415
1551
1829
1566
592
304
1696
1570
542
456
643
1660
1645
1142
1144
573
1399
1593
884
893
932
559
1351
1808
1818
1495
522
1380
264
248
382
292
1171
147
1645
1446
1852
986
1310
1781
1078
565
1952
73
653
1947
731
619
242
1832
271
665
1795
1000
1231
1167
1397
59
1056
65
1655
680
1694
493
1163
1876
96
108
42
1363
1198
229
1593
1236
141
139
273
1578
185
476
488
210
1717
1397
1468
1302
1033
653
1324
236
296
40
1929
1941
248
935
1314
581
1510
1117
856
535
1508
1797
1457
814
1877
511
1067
1910
536
501
1856
138
599
1184
407
1272
1597
1004
1302
1592
467
1202
225
1032
1676
1842
997
556
1306
1835
1020
1949
395
223
595
793
842
623
1388
184
805
591
613
212
1188
566
311
2
568
1102
1742
85
1810
262
1668
1601
1836
275
1010
810
348
1151
1213
429
1040
1979
980
1390
823
70
586
1603
694
167
1023
734
1479
1050
1610
1634
379
248
1642
1276
33
1792
1031
1090
1213
1521
1711
766
170
1468
664
1680
744
1657
354
260
1760
89
1374
1468
875
760
1960
798
881
314
653
629
1790
495
622
818
1417
288
1743
167
924
61
1507
1401
430
1360
1115
1702
1118
1804
840
717
978
512
1859
934
509
863
1406
805
364
1713
1169
748
444
438
1045
867
1483
141
1695
1360
274
1717
400
1215
1087
325
12
1543
1530
843
114
1172
349
1458
1069
507
1835
1517
1775
138
368
1475
1394
1554
1004
851
1223
1712
1342
1048
598
1408
764
1136
1776
1686
1798
1879
1631
3
7
175
522
46
849
683
1083
1853
597
677
1719
681
277
1016
1714
769
1392
1256
901
948
1900
167
560
895
1176
1756
939
875
1493
936
1722
934
997
975
459
172
135
1777
467
1724
1424
1746
1877
280
788
1962
1290
1793
965
29
1246
463
1055
1450
1215
1177
867
489
858
21
1218
1916
191
72
1773
494
18
1630
281
1760
191
706
1187
1171
1336
1297
867
280
1504
484
1301
1715
169
1945
63
1671
1672
100
1092
1887
643
1613
1203
1580
1599
100
567
1307
980
1946
1497
1136
598
513
1774
894
1632
197
1720
56
1799
1800
1049
241
356
1413
1663
70
1516
1915
686
1277
687
433
1573
1447
558
1165
843
185
49
983
557
680
575
342
799
1396
408
1333
887
867
351
387
1233
539
1120
1890
1429
1359
1919
1551
1216
1897
120
538
1974
1545
951
1362
834
761
427
766
60
945
667
1952
1111
1693
817
925
1653
1983
1048
1851
1479
1135
1938
1649
1920
1293
760
954
1824
30
314
944
1086
120
1317
1780
220
876
561
1971
1218
508
266
1091
1656
1675
1667
408
1089
1750
243
1713
1800
436
154
949
1671
939
828
1006
251
265
1741
1206
531
1730
117
916
1445
678
803
1054
1789
1557
139
558
759
1730
840
480
1196
959
1798
1870
1636
1418
1487
1800
131
672
9
1657
1015
733
454
1070
579
137
170
137
820
247
887
1798
708
241
1139
1751
698
84
285
154
1482
914
1337
1399
1143
1258
1756
1325
1751
936
283
137
1429
616
1343
1305
1063
1431
1010
976
996
1872
779
235
481
1370
1679
1941
431
1521
1169
806
1021
992
1303
1488
604
180
1652
780
1551
359
219
1811
1753
2000
1729
74
1090
1996
1023
1748
141
1976
1846
1129
863
676
1442
28
749
1846
1093
948
994
618
1902
1964
1028
1986
912
853
427
387
1666
1454
1060
1659
1024
1104
427
1176
286
105
1367
1218
440
813
1260
1111
256
339
2
837
977
320
1334
36
240
1905
1952
62
988
1726
486
1669
1628
1258
5
760
1809
1361
758
1264
487
1143
1964
1700
567
1365
717
1974
168
501
1623
169
1063
1602
1478
284
876
701
957
1175
292
1811
1281
326
1132
1864
1567
1372
933
521
1139
498
639
1822
1771
1590
1852
358
1036
1255
1827
1328
779
1481
1636
1201
170
1845
108
1055
238
761
1626
489
1769
1426
757
498
506
1535
100
1371
1241
1494
1955
768
521
1755
1613
923
182
1129
375
1064
711
630
1454
1032
1582
409
1357
105
1603
1358
1893
184
1817
1020
1230
633
155
1702
290
741
1245
1996
1035
1982
454
797
1394
130
1496
841
1623
760
639
1973
1437
827
198
1470
1275
148
242
1964
994
45
108
282
1787
932
1122
989
136
1796
578
539
1189
952
737
1312
1877
1241
566
411
879
55
1753
1221
408
1040
108
1725
886
1097
1134
1361
743
157
913
96
1477
77
1909
1485
1875
1027
482
520
1518
1987
714
1506
221
1195
862
1462
523
190
902
1281
265
906
1305
1654
617
805
1769
1402
484
1520
582
555
13
750
874
609
582
486
1874
1721
795
959
1130
980
540
1980
368
1724
66
664
1498
1289
339
1905
1087
503
1158
1831
1792
966
886
624
111
1508
264
712
792
1772
43
1689
577
501
977
1459
406
433
1953
1187
609
1936
1792
381
4
1424
1736
237
79
1197
1209
1033
16
1378
1893
1748
227
710
484
1121
1226
602
1597
1592
1563
703
109
1418
1986
325
228
1826
964
1704
1620
374
495
109
1218
1555
1023
56
1981
1002
664
348
1252
1151
1502
308
714
288
1702
676
551
13
1604
995
1076
1742
1446
1337
358
1101
1920
1193
1618
1970
1772
428
70
903
28
948
1903
498
773
863
1662
1650
906
762
1852
1482
1476
1894
1021
1584
905
1699
781
1477
1953
1047
860
415
647
222
751
660
685
1635
1064
1043
1549
241
1251
694
670
1150
1728
398
1345
1804
399
597
994
1780
1003
554
1068
1149
826
30
1406
1014
763
130
718
469
408
1628
787
108
751
1550
331
1825
639
660
409
1535
140
1901
317
573
1375
283
1025
1443
1858
1465
1500
815
479
1042
439
1685
1326
1633
1588
939
620
1376
1974
1540
1660
1413
1191
1506
994
1731
137
1938
198
1094
806
215
1449
1228
1566
1134
1623
1154
1889
1743
1016
1578
947
1658
645
1953
557
146
1503
1663
1845
655
1609
1077
927
1642
1904
153
1418
470
798
537
1666
1991
1300
1408
1865
1376
1137
762
1270
727
816
738
937
1007
1822
413
678
1149
974
525
1160
1757
122
882
169
1127
1079
1537
467
1175
918
1722
1322
708
695
508
1906
597
317
723
1484
1412
1402
13
749
1803
637
1195
596
251
777
1636
1963
1724
168
676
473
636
1969
1097
1499
1684
334
1807
211
1491
1459
1435
267
892
1018
1061
1720
1356
1612
1063
1912
134
1084
564
962
1370
417
1217
653
1762
267
205
1919
306
306
312
180
909
1338
1663
1581
1426
946
1418
1917
1012
611
1580
473
469
930
1239
1231
246
248
569
1472
823
1658
1871
799
105
1143
1496
641
986
444
1879
965
1080
443
192
121
1640
1543
392
1791
1369
1314
1981
68
849
980
1168
167
1321
105
1114
1425
976
1236
428
1292
762
208
756
526
483
1246
1046
827
436
1718
1723
568
1231
1559
1910
1840
770
326
1594
228
318
712
1696
1166
1173
1852
1151
20
1619
1218
960
537
517
963
455
98
339
517
396
1212
1648
1622
1605
1417
1719
1563
408
1987
188
1302
431
488
680
396
1014
1902
790
1169
1214
1430
804
1718
1841
1502
572
1594
286
1010
1222
1408
767
1458
1775
112
277
1727
844
823
1919
1501
1962
468
193
770
1001
1141
1954
986
802
1990
522
1331
1929
1343
599
1063
3
1768
809
603
1902
922
576
170
1165
307
147
1162
575
724
1450
1717
696
1924
1908
413
1537
1232
1838
1206
1405
1488
771
504
74
945
1291
558
1036
492
596
1301
1783
1723
420
799
1776
514
1934
1239
331
1653
1312
1093
503
81
467
723
1267
1973
415
1515
1773
945
318
1622
954
233
1752
1271
195
1817
71
80
1978
1373
754
1009
1527
98
1452
1403
918
1165
679
342
799
1840
453
723
650
168
1026
1666
1810
1448
766
597
1384
1761
1850
163
966
257
506
1768
393
243
1088
630
765
1584
1679
1361
834
1286
429
1235
1351
1203
693
729
343
1591
986
710
1551
474