185
99
171
177
111
5
83
107
68
50
206
108
222
98
193
100
203
189
95
55
198
238
82
168
110
209
193
42
216
248
129
222
148
39
50
102
188
207
198
80
134
23
28
35
170
124
48
124
37
14
213
141
233
175
146
204
220
248
1
217
154
248
132
120
201
57
125
226
144
212
185
147
62
167
21
157
166
183
223
246
193
146
233
146
5
31
216
122
212
53
139
158
8
154
91
13
123
49
31
52
37
48
11
159
71
135
174
125
134
112
31
123
214
219
68
53
142
161
105
52
237
21
27
36
42
156
144
14
233
183
185
16
216
234
247
215
197
129
45
100
34
8
235
76
74
84
117
163
7
211
140
214
87
112
14
45
166
83
225
30
248
135
177
250
72
104
117
191
205
26
45
90
15
131
84
44
53
227
169
118
229
27
187
185
141
47
150
75
34
54
224
18
61
14
111
4
225
50
24
77
115
26
249
84
75
16
75
12
127
191
158
23
21
195
227
134
28
207
85
74
187
3
13
167
151
132
183
177
196
72
174
140
100
16
196
85
152
186
27
32
138
122
223
200
184
13
19
23
200
236