206
40
217
34
36
193
99
197
225
175
223
71
221
292
261
26
110
111
206
180
237
111
62
26
232
62
117
166
69
193
146
46
235
31
89
72
160
28
122
32
34
236
88
182
290
130
209
228
130
197
33
281
57
80
240
147
231
119
82
12
202
129
136
183
18
95
232
209
38
40
28
3
127
197
217
160
33
190
38
41
30
43
51
59
96
95
66
76
268
211
167
56
64
24
275
213
168
95
50
187
297
52
78
120
23
206
121
295
121
187
47
115
49
228
262
106
206
89
160
250
180
101
90
136
127
108
168
223
128
129
38
8
88
96
197
288
281
138
73
230
228
223
224
32
205
139
64
30
248
53
50
200
269
155
211
47
287
163
204
11
243
225
37
158
98
164
120
125
55
77
7
278
197
280
50
277
239
174
133
78
226
69
20
231
202
215
193
126
118
245
96
245
237
256
152
191
286
134
19
261
190
107
300
68
196
182
117
43
8
127
56
218
112
253
221
172
54
288
80
278
68
113
27
193
55
14
217
105
199
116
189
7
274
241
224
244
115
186
173
160
83
75
136
69
242
296
9
161
27
241
297
21
282
6
206
236
161
266
270
188
42
66
55
13
33
185
282
107
124
296
284
203
297
231
102
199
74
89
205
159
124
181
226
176
166
176
154
25
216
299
107
292
104
266
137
125
66
38
93
218