323
190
406
267
176
470
438
276
312
294
104
151
236
116
423
98
113
86
114
218
156
462
216
93
453
490
220
56
130
205
298
132
302
356
111
59
149
160
213
254
43
132
401
15
465
366
245
290
119
230
482
274
261
116
245
313
340
198
184
494
19
443
457
399
50
131
168
340
69
361
54
327
248
390
358
452
446
168
350
99
16
373
251
240
453
305
309
430
403
289
92
120
444
15
245
84
490
357
251
236
30
341
22
36
261
49
410
409
362
75
330
260
487
325
401
227
217
413
42
67
87
196
416
402
31
200
264
209
329
314
146
216
8
493
84
54
187
100
245
170
476
461
27
369
135
212
274
472
209
492
151
351
334
270
350
334
90
65
500
86
17
281
441
335
96
185
231
491
79
428
323
189
96
215
242
61
295
114
193
292
126
146
309
133
413
492
366
172
293
54
454
440
409
131
298
12
213
157
81
90
212
48
300
236
348
350
320
17
35
160
266
328
204
410
360
485
266
163
53
306
390
212
46
134
77
141
221
264
229
438
260
472
319
479
121
339
145
336
348
34
128
113
334
423
173
391
338
4
302
194
458
1
232
213
231
386
162
393
236
18
88
361
237
77
171
304
96
370
122
459
135
383
95
144
46
289
342
274
213
323
324
340
318
473
105
355
119
60
304
226
230
331
386
176
332
209
421
417
129
307
292
271
435
133
160
60
470
323
240
320
273
324
272
361
262
497
110
53
55
32
203
225
183
382
314
386
467
487
97
70
349
47
263
266
431
243
197
336
371
261
174
75
294
132
23
378
122
222
344
180
369
198
342
353
222
10
166
213
136
99
411
215
444
196
385
199
405
378
189
109
396
475
164
336
220
417
385
84
431
495
258
443
295
78
100
204
375
413
395
160
268
45
56
69
340
248
95
248
74
28
426
281
465
349
292
408
440
495
1
433
307
495
264
240
401
114
250
451
288
423
370
293
124
334
42
313
331
365
446
492
385
291
465
291
9
61
432
243
423
105
277
315
16
308
182
25
245
97
62
103
74
95
22
318
141
270
348
250
268
223
62
246
427
437
136
105
283
321
209
103
474
42
53
72
84
311
287
27
466
365
369
32
431
468
493
430
393
257
89
200
67
16
470
151
148
167
234
325
13
422